0.000000 0.000000 0.000000 
0.000000 0.000000 0.000000 
73.882004 48.622002 41.104000 
74.303001 49.551998 40.015999 
74.039001 50.983002 40.462002 
72.897003 51.362999 40.705002 
73.516998 49.248001 38.737999 
73.844002 50.087002 37.502998 
75.309998 49.902000 37.137001 
72.947998 49.672001 36.344002 
75.097000 51.777000 40.570000 
74.959999 53.162998 41.007000 
74.588997 54.133999 39.887001 
75.404999 54.959000 39.472000 
76.254997 53.626999 41.676998 
76.595001 52.881001 42.956001 
75.495003 52.980999 43.995998 
75.064003 54.112000 44.294998 
75.063004 51.930000 44.518002 
73.356003 54.036999 39.402000 
72.884003 54.923000 38.346001 
71.720001 55.756001 38.867001 
70.952003 56.333000 38.096001 
72.458000 54.109001 37.116001 
71.393997 53.067001 37.436001 
71.100998 52.794998 38.603001 
70.820000 52.469002 36.393002 
71.598999 55.808998 40.192001 
70.541000 56.576000 40.825001 
69.161003 55.966999 40.669998 
68.167000 56.544998 41.116001 
69.091003 54.793999 40.047001 
67.808998 54.144001 39.834999 
67.586998 52.937000 40.731998 
68.526001 52.389999 41.316002 
67.670998 53.717999 38.373001 
67.744003 54.848999 37.348999 
67.716003 54.271999 35.945999 
66.579002 55.800999 37.558998 
66.325996 52.534000 40.827999 
65.930000 51.389000 41.629002 
66.428001 51.490002 43.061001 
66.978996 50.530998 43.611000 
66.433998 50.101002 40.980999 
66.244003 52.657001 43.673000 
66.671997 52.830002 45.054001 
65.720001 52.026001 45.933998 
66.000000 51.775002 47.103001 
66.685997 54.313999 45.431999 
67.613998 55.141998 44.543999 
68.988998 54.495998 44.381001 
69.737000 54.437000 45.634998 
70.932999 53.870998 45.778000 
71.539001 53.300999 44.744999 
71.532997 53.875999 46.959999 
64.582001 51.650002 45.351002 
63.599998 50.782001 45.997002 
63.299000 49.756001 44.909000 
63.548000 50.009998 43.729000 
62.268002 51.471001 46.337002 
61.723999 52.071999 45.158001 
62.456001 52.492001 47.438000 
62.776001 48.583000 45.285000 
62.464001 47.563999 44.278999 
61.529999 48.113998 43.206001 
60.543999 48.785000 43.514000 
61.801998 46.462002 45.103001 
62.515999 46.558998 46.408001 
62.555000 48.062000 46.645000 
61.838001 47.851002 41.923000 
60.994999 48.337002 40.827000 
59.548000 47.852001 40.935001 
59.286999 46.688999 41.280998 
61.694000 47.783001 39.587002 
63.137001 47.800999 39.984001 
63.094002 47.276001 41.407001 
58.606998 48.743000 40.647999 
57.188999 48.401001 40.691002 
56.566002 48.650002 39.324001 
56.831001 49.674000 38.695000 
56.455002 49.250000 41.729000 
56.828999 48.966000 43.171001 
55.960999 50.112000 44.290001 
54.252998 49.576000 44.075001 
55.735001 47.721001 38.860001 
55.116001 47.916000 37.563000 
54.373001 46.705002 37.055000 
53.834000 45.924000 37.832001 
54.356998 46.563999 35.735001 
53.675999 45.470001 35.060001 
54.640999 44.910000 34.016998 
55.382999 45.657001 33.372002 
52.400002 46.000999 34.396999 
51.644001 44.994999 33.597000 
50.636002 44.181000 34.030998 
51.837002 44.695000 32.213001 
50.187000 43.390999 32.994999 
50.908001 43.685001 31.871000 
52.706001 45.181000 31.228001 
50.825001 43.153000 30.577999 
52.620998 44.652000 29.945999 
51.687000 43.647999 29.634001 
54.638000 43.591999 33.866001 
55.526001 42.923000 32.924000 
54.667000 41.905998 32.172001 
53.910000 41.155998 32.776001 
56.655998 42.244999 33.702999 
57.907001 41.758999 32.974998 
58.889999 41.250000 34.022999 
57.576000 40.668999 31.972000 
54.797001 41.877998 30.851999 
53.970001 41.015999 30.018999 
54.143002 39.501999 30.042000 
53.172001 38.770000 29.892000 
54.077999 41.486000 28.577000 
55.363998 39.032001 30.256001 
55.633999 37.605999 30.134001 
54.816002 36.487000 30.766001 
54.205002 35.713001 30.039000 
57.108002 37.320999 30.410999 
57.431999 35.896999 30.044001 
57.625000 34.849998 30.903999 
57.487000 35.346001 28.721001 
57.791000 33.681999 30.197001 
57.713001 33.955002 28.857000 
57.367001 35.889999 27.433001 
57.823002 33.098000 27.749001 
57.478001 35.036999 26.329000 
57.703999 33.654999 26.499001 
54.793999 36.362999 32.088001 
54.063999 35.229000 32.672001 
52.644001 35.058998 32.154999 
52.237999 33.963001 31.767000 
54.048000 35.316002 34.207001 
53.793999 33.966000 34.905998 
52.390999 33.431999 34.673000 
51.423000 34.219002 34.818001 
52.250000 32.230999 34.360001 
51.875000 36.139000 32.137001 
50.493999 36.026001 31.694000 
50.265999 35.908001 30.197001 
49.439999 35.109001 29.756001 
49.681000 37.217999 32.221001 
48.242001 37.271999 31.715000 
47.417000 36.077999 32.179001 
46.049999 36.158001 31.666000 
45.702999 35.882999 30.412001 
46.615002 35.498001 29.538000 
44.438000 36.016998 30.021999 
51.000999 36.688000 29.410999 
50.778999 36.714001 27.968000 
51.758999 35.943001 27.100000 
51.479000 35.660999 25.931000 
50.685001 38.180000 27.540001 
49.557999 38.914001 28.222000 
48.237999 38.691002 27.834999 
49.804001 39.750999 29.308001 
47.181000 39.282001 28.521000 
48.754002 40.347000 30.002001 
47.439999 40.112999 29.608999 
52.903999 35.611000 27.677999 
53.933998 34.840000 26.993999 
54.283001 35.328999 25.582001 
54.433998 36.529999 25.346001 
53.521000 33.361000 26.980000 
53.166000 32.803001 28.379999 
54.401001 32.467999 29.237000 
54.033001 32.125000 30.615999 
54.539001 31.106001 31.309999 
55.452000 30.297001 30.764999 
54.130001 30.893999 32.557999 
54.419998 34.396999 24.646999 
54.810001 34.731998 23.278000 
53.644001 34.613998 22.309000 
53.794998 34.088001 21.205000 
55.939999 33.791000 22.851999 
56.959000 34.257000 21.413000 
52.484001 35.112000 22.719999 
51.283001 35.048000 21.892000 
51.354000 36.085999 20.770000 
51.290001 37.291000 21.025000 
50.058998 35.316002 22.760000 
48.756001 35.061001 22.039000 
48.709000 34.993000 20.812000 
47.680000 34.932999 22.805000 
51.484001 35.623001 19.532000 
51.556000 36.546001 18.400999 
50.345001 36.396999 17.488001 
50.333000 36.907001 16.367001 
52.856998 36.345001 17.577000 
54.070999 36.596001 18.458000 
52.901001 34.938000 16.976999 
49.321999 35.702999 17.983000 
48.091000 35.487999 17.231001 
47.137001 36.660000 17.473000 
46.080002 36.494999 18.080000 
47.417999 34.185001 17.677999 
46.216000 33.824001 16.822001 
45.730000 34.640999 16.040001 
45.727001 32.596001 16.971001 
47.509998 37.842999 16.992001 
46.671001 39.021000 17.179001 
45.348000 38.951000 16.420000 
44.414001 39.702000 16.718000 
47.438000 40.280998 16.783001 
48.851002 40.662998 17.872000 
45.263000 38.046001 15.447000 
44.040001 37.881001 14.668000 
42.928001 37.292999 15.528000 
41.777000 37.714001 15.441000 
44.285999 36.965000 13.465000 
43.015999 36.583000 12.710000 
43.325001 35.855000 11.403000 
43.833000 34.495998 11.597000 
43.092999 33.460999 11.990000 
41.798000 33.618000 12.239000 
43.646000 32.262001 12.126000 
43.276001 36.319000 16.363001 
42.286999 35.681999 17.226000 
42.338001 36.153000 18.667999 
41.366001 36.007000 19.406000 
42.448002 34.166000 17.170000 
42.129002 33.605999 15.801000 
42.138000 32.099998 15.776000 
43.228001 31.509001 15.929000 
41.050999 31.511999 15.609000 
43.473999 36.709999 19.068001 
43.639000 37.215000 20.427999 
44.108002 38.667999 20.381001 
45.210999 38.987999 20.811001 
44.655998 36.369999 21.208000 
44.105000 35.014000 21.614000 
42.867001 34.866001 21.702999 
44.917999 34.095001 21.865000 
43.259998 39.567001 19.857000 
43.582001 40.993000 19.743000 
44.013000 41.630001 21.059999 
44.904999 42.473000 21.084999 
42.285999 41.588001 19.190001 
41.221001 40.658001 19.697001 
41.855000 39.297001 19.486000 
43.379002 41.213001 22.150000 
43.675999 41.765999 23.464001 
44.807999 41.062000 24.214001 
45.540001 41.696999 24.979000 
42.405998 41.742001 24.316000 
41.303001 42.639999 23.778999 
40.009998 42.462002 24.552999 
39.439999 41.133999 24.346001 
38.264000 40.745998 24.820999 
37.528000 41.584999 25.535000 
37.820000 39.521000 24.577999 
44.962002 39.759998 23.988001 
45.988998 38.999001 24.691999 
47.305000 38.824001 23.944000 
48.294998 38.388000 24.528000 
45.431999 37.626999 25.079000 
44.160000 37.692001 25.910999 
43.632000 36.318001 26.270000 
44.120998 35.671001 27.201000 
42.639999 35.855000 25.520000 
47.330002 39.173000 22.660999 
48.548000 39.028000 21.872999 
49.569000 40.106998 22.216999 
49.220001 41.166000 22.730000 
48.217999 39.095001 20.382999 
48.035999 40.791000 19.733000 
50.839001 39.827000 21.944000 
51.896999 40.792000 22.205000 
51.876999 41.844002 21.087999 
52.284000 41.578999 19.959999 
53.277000 40.104000 22.240000 
53.292999 39.021000 23.327000 
54.366001 41.125000 22.531000 
52.983002 39.547001 24.725000 
51.382999 43.036999 21.409000 
51.299000 44.119999 20.427999 
51.375999 45.459000 21.149000 
51.292999 45.519001 22.371000 
49.979000 44.042000 19.658001 
48.891998 44.460999 20.472000 
51.523998 46.536999 20.386999 
51.616001 47.867001 20.976999 
50.341999 48.182999 21.759001 
50.380001 48.903999 22.756001 
51.835999 48.911999 19.875999 
50.636002 49.092999 18.957001 
50.919998 50.000000 17.771999 
49.953999 50.352001 17.062000 
52.098000 50.352001 17.542000 
49.219002 47.631001 21.309000 
47.937000 47.860001 21.964001 
47.897999 47.306999 23.384001 
47.294998 47.907001 24.273001 
46.799000 47.237999 21.150000 
46.528000 47.928001 19.818001 
46.328999 49.719002 20.003000 
44.821999 49.811001 20.995001 
48.539001 46.162998 23.600000 
48.553001 45.557999 24.927999 
49.194000 46.497002 25.934000 
48.651001 46.748001 27.007999 
49.328999 44.237000 24.903999 
49.515999 43.557999 26.263000 
48.162998 43.175999 26.837999 
50.396000 42.325001 26.097000 
50.352001 47.025002 25.568001 
51.098000 47.918999 26.434000 
50.421001 49.269001 26.648001 
50.479000 49.828999 27.742001 
52.507000 48.082001 25.868000 
53.244999 46.777000 25.757000 
53.768002 46.165001 26.895000 
53.334000 46.112999 24.535999 
54.367001 44.903999 26.823000 
53.930000 44.851002 24.447001 
54.446999 44.244999 25.597000 
49.769001 49.782001 25.613001 
49.083000 51.066002 25.730000 
47.901001 50.931999 26.677000 
47.661999 51.806000 27.510000 
48.610001 51.541000 24.353001 
49.743999 51.813999 23.382000 
49.158001 52.254002 21.728001 
48.723000 53.979000 21.978001 
47.167999 49.831001 26.552000 
46.014999 49.588001 27.402000 
46.415001 49.303001 28.841999 
45.716000 49.700001 29.771999 
45.174999 48.441002 26.841999 
44.330002 48.854000 25.643999 
43.491001 47.721001 25.097000 
42.818001 47.028999 25.892000 
43.499001 47.527000 23.863001 
47.535000 48.618000 29.042000 
47.969002 48.355999 30.408001 
48.403999 49.695999 30.993999 
48.231998 49.948002 32.187000 
49.136002 47.362999 30.437000 
48.750999 45.932999 30.063999 
47.501999 45.217999 31.150999 
46.091000 45.273998 30.108000 
48.962002 50.558998 30.146999 
49.396999 51.875000 30.606001 
48.174999 52.674999 31.063000 
48.214001 53.327999 32.104000 
50.145000 52.618000 29.492001 
47.087002 52.611000 30.299000 
45.870998 53.328999 30.680000 
45.375000 52.798000 32.022999 
44.965000 53.568001 32.896000 
44.762001 53.146999 29.635000 
45.092999 53.798000 28.309000 
45.876999 54.766998 28.306000 
44.557999 53.352001 27.271000 
45.414001 51.474998 32.171001 
44.974998 50.801998 33.390999 
45.764999 51.279999 34.602001 
45.192001 51.620998 35.637001 
45.140999 49.285000 33.230000 
43.855000 48.470001 33.185001 
42.789001 49.106998 32.328999 
42.092999 50.166000 33.055000 
41.471001 51.183998 32.473000 
41.463001 51.285000 31.150999 
40.856998 52.098999 33.214001 
47.085999 51.292999 34.470001 
47.959999 51.722000 35.548000 
47.693001 53.188000 35.891998 
47.651001 53.566002 37.056999 
49.450001 51.563999 35.143002 
49.817001 50.074001 35.067001 
50.348999 52.304001 36.122002 
49.826000 49.358002 36.409000 
47.500999 53.999001 34.862999 
47.259998 55.423000 35.046001 
45.872002 55.765999 35.578999 
45.702000 56.757000 36.291000 
47.500000 56.151001 33.723000 
44.883999 54.941002 35.255001 
43.511002 55.214001 35.667000 
42.928001 54.476002 36.861000 
42.026001 54.999001 37.523998 
42.577999 54.988998 34.481998 
42.722000 56.007000 33.377998 
41.971001 55.598000 32.131001 
40.841999 55.077999 32.255001 
42.507000 55.799999 31.025999 
43.419998 53.273998 37.148998 
42.845001 52.507000 38.242001 
43.550999 52.578999 39.588001 
43.424999 51.672001 40.410000 
42.671001 51.049999 37.806999 
41.900002 50.926998 36.506001 
40.971001 51.736000 36.284000 
42.210999 50.021000 35.703999 
44.286999 53.662998 39.811001 
44.960999 53.855999 41.081001 
46.334999 53.250000 41.264000 
46.962002 53.464001 42.299000 
46.814999 52.508999 40.271999 
48.125000 51.872002 40.375999 
49.276001 52.872002 40.417999 
50.167999 52.771000 41.264000 
48.345001 50.910999 39.203999 
47.292000 49.862999 39.066002 
46.248001 49.855000 38.185001 
47.179001 48.660999 39.833000 
45.493999 48.726002 38.356998 
46.041000 47.973999 39.360001 
47.928001 48.099998 40.874001 
45.630001 46.743000 39.895000 
47.516998 46.873001 41.410000 
46.380001 46.213001 40.916000 
49.256001 53.837002 39.504002 
50.316002 54.834000 39.424999 
50.605999 55.550999 40.743000 
51.770000 55.721001 41.113998 
49.984001 55.862000 38.339001 
51.056999 56.921001 38.108002 
50.599998 57.900002 37.028000 
49.251999 58.383999 37.310001 
48.481998 59.032001 36.441002 
48.919998 59.289001 35.217999 
47.258999 59.410000 36.793999 
49.556000 55.971001 41.443001 
49.713001 56.680000 42.716000 
50.388000 55.833000 43.784000 
51.067001 56.361000 44.667999 
48.355999 57.134998 43.255001 
47.737000 58.321999 42.533001 
47.446999 58.048000 41.076000 
46.993999 56.922001 40.754002 
47.658001 58.959999 40.241001 
50.189999 54.520000 43.706001 
50.775002 53.603001 44.675999 
52.251999 53.341000 44.428001 
52.945999 52.823002 45.305000 
50.007999 52.283001 44.671001 
48.537998 52.417999 45.063000 
47.799999 51.122002 44.796001 
48.438999 52.805000 46.527000 
52.731998 53.695999 43.238998 
54.133999 53.481998 42.917000 
54.396000 52.654999 41.664001 
55.514999 52.643002 41.153999 
53.381001 51.958000 41.168999 
53.533001 51.141998 39.959000 
53.726002 52.060001 38.750999 
52.777000 52.706001 38.300999 
52.292000 50.277000 39.750000 
52.099998 49.220001 40.811001 
52.842999 48.037998 40.790001 
51.181000 49.401001 41.842999 
52.672001 47.060001 41.769001 
51.006001 48.432999 42.827000 
51.751999 47.264999 42.782001 
51.570000 46.304001 43.747002 
54.945999 52.110001 38.222000 
55.230000 52.985001 37.091000 
55.792999 52.327000 35.827000 
55.714001 52.903999 34.747002 
56.174999 54.106998 37.542000 
57.508999 53.622002 38.063000 
58.416000 54.779999 38.474998 
59.778999 54.265999 38.928001 
60.729000 55.358002 39.285000 
56.348000 51.126999 35.946999 
56.919998 50.456001 34.782001 
55.955002 49.597000 33.973000 
55.195000 48.799999 34.523998 
58.119999 49.598000 35.208000 
59.324001 50.407001 35.626999 
60.154999 51.000000 34.675999 
59.599998 50.632000 36.972000 
61.230999 51.801998 35.057999 
60.667000 51.432999 37.362000 
61.476002 52.014999 36.402000 
62.518002 52.826000 36.793999 
55.985001 49.783001 32.655998 
55.172001 49.000999 31.724001 
56.258999 48.303001 30.905001 
56.886002 48.917000 30.042000 
54.318001 49.903000 30.795000 
53.411999 50.818001 31.631001 
53.485001 49.042999 29.849001 
52.389999 50.091000 32.494999 
56.490002 47.022999 31.179001 
57.561001 46.299000 30.504999 
57.205002 45.262001 29.445999 
56.376999 44.365002 29.657000 
58.470001 45.648998 31.555000 
59.119999 46.672001 32.471001 
58.938000 47.875999 32.292000 
59.883999 46.202999 33.448002 
57.862999 45.411999 28.302000 
57.713001 44.515999 27.166000 
58.705002 43.379002 27.408001 
59.833000 43.627998 27.829000 
58.122002 45.223999 25.850000 
57.244999 46.453999 25.622000 
58.018002 44.249001 24.676001 
57.749001 47.363998 24.507999 
58.304001 42.139000 27.155001 
59.237999 41.033001 27.333000 
59.562000 40.426998 25.959000 
59.589001 41.141998 24.958000 
58.669998 39.983002 28.297001 
59.761002 39.158001 28.968000 
60.120998 38.085999 28.443001 
60.283001 39.591999 30.014999 
59.799000 39.119999 25.892000 
60.160999 38.488998 24.621000 
59.060001 38.528000 23.558001 
57.886002 38.757000 23.864000 
60.578999 37.029999 24.878000 
61.490002 36.472000 23.795000 
61.834000 37.215000 22.844000 
61.870998 35.282001 23.903999 
59.460999 38.337002 22.301001 
58.532001 38.271999 21.172001 
57.945000 39.581001 20.639000 
56.890999 39.575001 20.002001 
57.417000 37.280998 21.538000 
58.167999 35.721001 22.121000 
58.633999 40.695000 20.875000 
58.160000 41.995998 20.405001 
58.800999 42.433998 19.084000 
58.189999 43.160999 18.299999 
58.449001 43.085999 21.444000 
59.924999 43.335999 21.681000 
60.726002 42.716000 22.599001 
60.776001 44.235001 20.952999 
62.021999 43.169998 22.488001 
62.080002 44.101002 21.485001 
60.563999 45.137001 19.900000 
63.169998 44.839001 20.999001 
61.646000 45.868000 19.417000 
62.931999 45.714001 19.969000 
60.032001 41.990002 18.849001 
60.785000 42.383999 17.660999 
60.464001 41.641998 16.375999 
59.735001 40.648998 16.372999 
62.273998 42.265999 17.952000 
61.011002 42.147999 15.271000 
60.827000 41.505001 13.977000 
61.745998 40.285999 14.035000 
62.688999 40.269001 14.827000 
61.254002 42.443001 12.855000 
61.483002 39.278999 13.207000 
62.297001 38.063000 13.210000 
63.750999 38.270000 12.803000 
64.568001 37.363998 12.938000 
61.654999 37.000999 12.321000 
60.318001 36.515999 12.852000 
59.584000 35.657001 11.841000 
58.159000 35.375999 12.302000 
57.331001 34.617001 11.325000 
64.066002 39.456001 12.294000 
65.431999 39.780998 11.896000 
65.653000 41.284000 12.028000 
64.696999 42.056999 12.025000 
65.703003 39.354000 10.445000 
64.883003 40.094002 9.399000 
63.457001 39.583000 9.293000 
63.230999 38.403000 9.033000 
62.487999 40.472000 9.490000 
66.914001 41.687000 12.163000 
67.271004 43.099998 12.269000 
67.084000 43.712002 10.889000 
67.046997 42.986000 9.897000 
68.734001 43.244999 12.684000 
69.019997 42.812000 14.099000 
70.498001 42.639000 14.342000 
70.768997 42.307999 15.735000 
70.787003 43.188999 16.730000 
70.555000 44.473999 16.490999 
71.028000 42.784000 17.972000 
66.962997 45.033001 10.805000 
66.800003 45.638000 9.492000 
68.124001 45.507000 8.746000 
69.055000 44.861000 9.234000 
66.375000 47.110001 9.593000 
67.391998 47.976002 10.300000 
68.575996 47.581001 10.396000 
67.007004 49.081001 10.755000 
68.212997 46.109001 7.566000 
69.433998 46.028000 6.774000 
70.615997 46.702000 7.468000 
71.759003 46.268002 7.321000 
69.206001 46.651001 5.401000 
70.338997 47.758999 8.228000 
71.393997 48.479000 8.936000 
71.902000 47.727001 10.169000 
72.815002 48.188999 10.858000 
70.903999 49.868999 9.347000 
70.547997 50.783001 8.184000 
70.142998 52.169998 8.642000 
69.833000 52.335999 9.846000 
70.121002 53.103001 7.802000 
71.305000 46.570000 10.445000 
71.720001 45.770000 11.585000 
71.117996 46.210999 12.907000 
71.642998 45.903999 13.977000 
70.005997 46.929001 12.834000 
69.338997 47.417000 14.028000 
68.080002 46.618999 14.359000 
67.426003 46.063999 13.478000 
68.974998 48.893002 13.847000 
67.795998 49.344002 14.686000 
67.468002 50.803001 14.451000 
66.205002 51.188999 15.074000 
65.013000 51.004002 14.517000 
64.920998 50.438999 13.322000 
63.910000 51.389999 15.147000 
67.752998 46.566002 15.644000 
66.557999 45.875000 16.096001 
65.360001 46.736000 15.737000 
65.404999 47.959999 15.871000 
66.598000 45.679001 17.615999 
67.636002 44.708000 18.169001 
67.702003 44.833000 19.684999 
67.269997 43.290001 17.750000 
64.296997 46.098000 15.265000 
63.070000 46.797001 14.917000 
61.907001 45.965000 15.441000 
61.970001 44.733002 15.456000 
62.910999 46.971001 13.384000 
64.081001 47.757000 12.826000 
62.814999 45.609001 12.704000 
60.830002 46.625000 15.883000 
59.667999 45.901001 16.402000 
58.910000 45.231998 15.266000 
59.095001 45.580002 14.097000 
58.855000 47.002998 17.075001 
59.132000 48.192001 16.181999 
60.626999 48.084000 15.963000 
58.063999 44.268002 15.601000 
57.292000 43.587002 14.578000 
56.368999 44.616001 13.924000 
55.592999 45.282001 14.604000 
56.481998 42.445000 15.189000 
55.615002 41.751999 14.172000 
54.554001 42.310001 13.826000 
55.994999 40.653000 13.706000 
56.457001 44.757999 12.589000 
55.667000 45.695000 11.786000 
54.153000 45.653000 11.985000 
53.518002 46.699001 12.118000 
56.060001 45.341000 10.354000 
57.464001 44.859001 10.501000 
57.372002 43.987999 11.730000 
53.557999 44.459999 12.012000 
52.112000 44.330002 12.144000 
51.665001 44.568001 13.582000 
50.613998 45.196999 13.803000 
51.653000 42.948002 11.672000 
52.108002 42.589001 10.267000 
51.805000 41.147999 9.908000 
51.416000 40.379002 10.810000 
51.956001 40.787998 8.720000 
52.393002 44.054001 14.556000 
51.994999 44.185001 15.951000 
52.403999 45.498001 16.631001 
51.834999 45.873001 17.656000 
52.507999 42.965000 16.739000 
51.904999 41.647999 16.239000 
52.361000 40.417000 17.025999 
53.726002 39.997002 16.715000 
54.748001 40.040001 17.570000 
54.575001 40.493999 18.804001 
55.949001 39.601002 17.198999 
53.375000 46.198002 16.055000 
53.848000 47.473999 16.601999 
53.980000 48.485001 15.452000 
55.051998 49.046001 15.235000 
55.217999 47.287998 17.261000 
55.193001 46.418999 18.490000 
54.860001 46.953999 19.732000 
55.494999 45.063000 18.403000 
54.823002 46.148998 20.872000 
55.460999 44.248001 19.537001 
55.125999 44.792999 20.773001 
52.884998 48.740002 14.716000 
52.891998 49.676998 13.584000 
53.367001 51.112000 13.799000 
53.708000 51.785999 12.833000 
51.453999 49.617001 13.074000 
50.673000 49.306000 14.304000 
51.521000 48.243999 14.967000 
53.386002 51.588001 15.040000 
53.839001 52.952999 15.302000 
55.240002 53.019001 15.880000 
55.731998 54.096001 16.222000 
52.866001 53.667999 16.229000 
51.716999 54.308998 15.481000 
50.583000 54.660000 16.408001 
49.764999 53.492001 16.708000 
48.743999 53.497002 17.556999 
48.418999 54.612999 18.193001 
48.042999 52.389999 17.763000 
55.880001 51.861000 15.983000 
57.227001 51.811001 16.511000 
57.292000 51.945000 18.018000 
56.304001 52.292000 18.670000 
58.473000 51.679001 18.565001 
58.695999 51.737999 20.004999 
58.692001 53.153000 20.573999 
58.034000 53.416000 21.580999 
60.026001 51.042999 20.372999 
59.988998 49.584000 19.896000 
60.263000 51.112000 21.875000 
58.755001 48.807999 20.358000 
59.415001 54.063000 19.924999 
59.486000 55.444000 20.391001 
58.094002 56.020000 20.625999 
57.862000 56.706001 21.618999 
60.244999 56.316002 19.386999 
60.481998 57.744999 19.861000 
61.382000 58.507000 18.895000 
61.611000 59.948002 19.341000 
62.320000 60.046001 20.650000 
57.167000 55.741001 19.718000 
55.803001 56.240002 19.861000 
55.144001 55.615002 21.087000 
54.415001 56.282001 21.825001 
54.993000 55.923000 18.614000 
55.400002 54.327000 21.301001 
54.828999 53.629002 22.448000 
55.365002 54.259998 23.721001 
54.620998 54.485001 24.674999 
55.188000 52.137001 22.406000 
54.716999 51.269001 23.577000 
53.207001 51.375999 23.754999 
55.118000 49.819000 23.327000 
56.660000 54.553001 23.726000 
57.303001 55.168999 24.878000 
56.694000 56.539001 25.193001 
56.405998 56.845001 26.351000 
58.803001 55.304001 24.627001 
56.511002 57.360001 24.155001 
55.915001 58.675999 24.351000 
54.540001 58.567001 25.003000 
54.212002 59.293999 25.921000 
55.807999 59.421001 23.018999 
57.162998 59.742001 22.420000 
58.145000 59.837002 23.188000 
57.244999 59.898998 21.184999 
53.772999 57.598999 24.496000 
52.429001 57.341999 25.004000 
52.464001 57.006001 26.489000 
51.686001 57.540001 27.278000 
51.790001 56.186001 24.249001 
50.342999 55.978001 24.604000 
49.349998 56.801998 24.073999 
49.959000 54.960999 25.475000 
48.008999 56.615002 24.400999 
48.619999 54.764000 25.809000 
47.650002 55.595001 25.267000 
46.327999 55.404999 25.597000 
53.363998 56.098999 26.854000 
53.527000 55.694000 28.242001 
54.035000 56.883999 29.048000 
53.534000 57.171001 30.139000 
54.518002 54.514000 28.344000 
54.862000 54.220001 29.792000 
53.896999 53.285999 27.688000 
55.026001 57.581001 28.499001 
55.596001 58.750999 29.160000 
54.539001 59.823002 29.423000 
54.535999 60.455002 30.479000 
56.716999 59.355999 28.309999 
57.952000 58.514000 28.245001 
58.379002 57.736000 29.298000 
58.884998 58.379002 27.275000 
59.526001 57.160999 28.980000 
59.855000 57.535000 27.759001 
53.646000 60.028000 28.459999 
52.595001 61.033001 28.596001 
51.692001 60.757999 29.796000 
50.993000 61.651001 30.277000 
51.765999 61.088001 27.319000 
51.705002 59.516998 30.274000 
50.889000 59.131001 31.419001 
51.700001 59.154999 32.709000 
51.198002 58.787998 33.770000 
50.320999 57.730000 31.209999 
49.187000 57.646000 30.215000 
47.872002 58.094002 30.830000 
46.734001 57.462002 30.172001 
45.474998 57.542000 30.591000 
45.169998 58.238998 31.680000 
44.520000 56.905998 29.927000 
52.953999 59.587002 32.612000 
53.808998 59.646000 33.783001 
54.362000 58.282001 34.154999 
54.849998 58.077999 35.266998 
54.290001 57.346001 33.215000 
54.780998 55.992001 33.439999 
56.103001 55.794998 32.702999 
56.577000 56.705002 32.021000 
53.738998 54.985001 32.949001 
52.346001 55.167999 33.550999 
51.381001 54.160999 32.956001 
52.417999 55.015999 35.062000 
56.701000 54.612999 32.844002 
57.967999 54.316002 32.181000 
57.856998 53.036999 31.355000 
57.111000 52.125999 31.711000 
59.084000 54.174999 33.213001 
59.342999 55.452999 33.990002 
60.421001 55.269001 35.036999 
60.638000 56.555000 35.817001 
61.042999 57.674000 34.917000 
58.599998 52.976002 30.254999 
58.560001 51.812000 29.372999 
59.793999 50.930000 29.500000 
60.924999 51.408001 29.440001 
58.416000 52.254002 27.912001 
58.247002 51.148998 26.860001 
56.800999 50.687000 26.844000 
58.632999 51.667999 25.483000 
59.563999 49.632999 29.674999 
60.667999 48.702000 29.777000 
60.667000 47.841000 28.530001 
59.605999 47.618999 27.937000 
61.842999 47.376999 28.115999 
61.946999 46.525002 26.941000 
62.768002 45.283001 27.275000 
63.330002 45.171001 28.370001 
62.563999 47.283001 25.731001 
62.202000 46.557999 24.433001 
64.068001 47.396999 25.879999 
62.228001 47.456001 23.201000 
62.827000 44.353001 26.327999 
63.523998 43.084999 26.523001 
64.547997 42.779999 25.431999 
64.331001 43.068001 24.261000 
62.472000 41.966000 26.579000 
63.000000 40.549000 26.469000 
63.159000 39.749001 27.603001 
63.321999 40.001999 25.228001 
63.627998 38.430000 27.497999 
63.791000 38.692001 25.113001 
63.938999 37.917000 26.247000 
64.396004 36.625000 26.125000 
65.656998 42.173000 25.837999 
66.697998 41.792999 24.907000 
67.321999 40.522999 25.445000 
67.005997 40.108002 26.561001 
68.200996 39.900002 24.669001 
68.857002 38.678001 25.110001 
70.332001 38.713001 24.732000 
70.674004 38.916000 23.566999 
68.181999 37.458000 24.469999 
68.796997 36.139000 24.920000 
69.992996 35.894001 24.643999 
68.078003 35.334999 25.552999 
71.204002 38.535000 25.719000 
72.636002 38.521999 25.461000 
72.867996 37.133999 24.896000 
72.889999 36.148998 25.632000 
73.418999 38.721001 26.761999 
74.912003 39.073002 26.698000 
75.721001 37.888000 26.194000 
75.112999 40.282001 25.797001 
73.007004 37.057999 23.579000 
73.198997 35.775002 22.934000 
72.774002 35.826000 21.479000 
72.384003 36.877998 20.971001 
72.843002 34.678001 20.813999 
72.500999 34.561001 19.400000 
71.012001 34.686001 19.098000 
70.630997 35.118999 18.013000 
73.025002 33.223999 18.864000 
74.528999 33.049999 19.031000 
74.967003 31.608999 18.781000 
76.425003 31.465000 18.792000 
77.189003 31.555000 19.878000 
76.643997 31.785000 21.066999 
78.505997 31.427999 19.775000 
70.176003 34.287998 20.051001 
68.727997 34.351002 19.886000 
68.088997 34.561001 21.246000 
68.678001 34.194000 22.257999 
68.184998 33.030998 19.325001 
68.564003 32.558998 17.922001 
68.025002 31.148001 17.716000 
67.995003 33.511002 16.879000 
66.892998 35.146999 21.278999 
66.213997 35.304001 22.558001 
65.675003 33.910000 22.823000 
65.627998 33.083000 21.915001 
65.009003 36.261002 22.500000 
64.000999 35.714001 21.638000 
65.436996 37.630001 21.997999 
65.274002 33.638000 24.056999 
64.738998 32.321999 24.377001 
63.536999 31.975000 23.490999 
63.256001 30.798000 23.243000 
64.334000 32.270000 25.849001 
65.681999 32.573002 27.040001 
62.848000 33.000000 22.997999 
61.685001 32.784000 22.156000 
61.979000 32.648998 20.670000 
61.067001 32.409000 19.881001 
63.240002 32.812000 20.275999 
63.591000 32.688999 18.868000 
63.693001 33.997002 18.094999 
63.738998 33.994999 16.864000 
63.737999 35.116001 18.811001 
63.834999 36.429001 18.179001 
65.288002 36.912998 18.127001 
66.156998 36.328999 18.757000 
62.924000 37.408001 18.926001 
61.458000 37.117001 18.670000 
60.703999 37.929001 17.823999 
60.845001 35.980999 19.209000 
59.386002 37.620998 17.511999 
59.519001 35.660000 18.900000 
58.799999 36.486000 18.047001 
57.508999 36.165001 17.701000 
65.571999 37.987000 17.365999 
66.950996 38.483002 17.275000 
67.670998 38.695999 18.601999 
67.194000 39.425999 19.474001 
66.797997 39.779999 16.479000 
65.642998 39.467999 15.572000 
64.670998 38.798000 16.525000 
68.832001 38.062000 18.738001 
69.603996 38.193001 19.955999 
70.601997 39.334000 19.905001 
70.938004 39.839001 18.834000 
71.063004 39.748001 21.080000 
72.037003 40.816002 21.195999 
73.403999 40.187000 21.414000 
73.806999 39.903999 22.544001 
71.708000 41.754002 22.378000 
70.482002 42.439999 22.104000 
72.820999 42.779999 22.583000 
74.098999 39.937000 20.313000 
75.428001 39.359001 20.372999 
76.363998 40.459999 20.851999 
75.996002 41.636002 20.846001 
75.863998 38.862999 18.990000 
75.667999 39.907001 18.028999 
75.030998 37.651001 18.583000 
77.569000 40.081001 21.261999 
78.545998 41.036999 21.770000 
78.806999 42.237000 20.858999 
78.970001 43.360001 21.339001 
79.862000 40.316002 22.066999 
79.804001 39.236000 23.155001 
81.137001 38.513000 23.233999 
79.466003 39.868999 24.497000 
78.843002 42.007999 19.551001 
79.101997 43.094002 18.608000 
77.897003 44.013000 18.422001 
77.995003 45.046001 17.757999 
79.521004 42.527000 17.247999 
78.406998 41.748001 16.572001 
77.945999 40.741001 17.150000 
77.989998 42.140999 15.461000 
76.766998 43.638000 19.013000 
75.542000 44.424000 18.896000 
75.142998 45.146999 20.188999 
74.210999 45.950001 20.191000 
74.386002 43.513000 18.464001 
74.494003 42.939999 17.052000 
73.919998 43.896999 16.014000 
74.723999 45.105000 15.861000 
75.903999 45.144001 15.250000 
76.417999 44.037998 14.731000 
76.572998 46.286999 15.161000 
75.845001 44.867001 21.280001 
75.515999 45.473999 22.569000 
75.428001 47.000999 22.552000 
74.396004 47.576000 22.919001 
76.515999 45.023998 23.657000 
76.246002 45.759998 24.962999 
76.390999 43.521000 23.872000 
76.502998 47.660000 22.132000 
76.508003 49.118000 22.080000 
75.389999 49.650002 21.191999 
74.689003 50.594002 21.556999 
77.856003 49.634998 21.563999 
79.028000 49.459999 22.523001 
79.459999 48.014999 22.688000 
79.678001 47.334999 21.662001 
79.595001 47.563000 23.844000 
75.217003 49.044998 20.023001 
74.180000 49.493000 19.101999 
72.774002 49.334000 19.679001 
71.949997 50.244999 19.589001 
74.279999 48.734001 17.774000 
73.205002 49.119999 16.770000 
73.360001 48.403999 15.445000 
74.208000 47.523998 15.295000 
72.535004 48.775002 14.473000 
72.498001 48.174999 20.270000 
71.181000 47.935001 20.846001 
70.893997 48.869999 22.021000 
69.782997 49.379002 22.152000 
71.057999 46.472000 21.277000 
71.025002 45.521000 20.093000 
70.994003 44.291000 20.308001 
71.025002 46.002998 18.941000 
71.893997 49.098999 22.868000 
71.728996 49.987999 24.014999 
71.403999 51.375000 23.480000 
70.584000 52.109001 24.041000 
73.014999 50.029999 24.841000 
72.055000 51.710999 22.371000 
71.878998 52.993999 21.707001 
70.472000 53.078999 21.118999 
69.792000 54.098999 21.249001 
72.931000 53.124001 20.604000 
73.160004 54.521000 20.080999 
74.220001 54.543999 18.993999 
75.339996 54.067001 19.195999 
73.872002 55.094002 17.834999 
70.036003 51.997002 20.479000 
68.708000 51.952000 19.879000 
67.629997 52.150002 20.943001 
66.692001 52.923000 20.750000 
68.473999 50.601002 19.155001 
69.405998 50.476002 18.073000 
67.055000 50.514000 18.600000 
67.771004 51.458000 22.072001 
66.792999 51.563999 23.152000 
66.694000 52.976002 23.733000 
65.595001 53.493000 23.943001 
67.120003 50.562000 24.267000 
67.108002 49.118999 23.815001 
66.154999 48.667999 22.906000 
68.031998 48.209000 24.322001 
66.122002 47.332001 22.506001 
68.008003 46.869999 23.930000 
67.047997 46.432999 23.021000 
67.838997 53.598999 23.989000 
67.855003 54.951000 24.542000 
67.142998 55.915001 23.600000 
66.300003 56.707001 24.024000 
69.285004 55.408001 24.768000 
67.482002 55.837002 22.318001 
66.877998 56.705002 21.320000 
65.360001 56.560001 21.312000 
64.640999 57.539001 21.106001 
67.448997 56.389000 19.931999 
68.945999 56.639999 19.812000 
69.499001 56.320999 18.438000 
69.426003 55.145000 18.011999 
70.015999 57.244999 17.771000 
64.871002 55.341999 21.542000 
63.430000 55.098999 21.561001 
62.772999 55.692001 22.799000 
61.557999 55.873001 22.841000 
63.119999 53.598999 21.523001 
63.181999 52.977001 20.167000 
62.969002 53.591999 18.966000 
63.412998 51.589001 19.875000 
63.053001 52.672001 17.943001 
63.320999 51.444000 18.471001 
63.681000 50.466000 20.663000 
63.494999 50.199001 17.841000 
63.853001 49.230000 20.032000 
63.757999 49.112000 18.635000 
63.578999 55.969002 23.813000 
63.049000 56.527000 25.042999 
62.804001 55.463001 26.097000 
62.022999 55.666000 27.021999 
63.476002 54.323002 25.954000 
63.344002 53.217999 26.902000 
63.834000 53.596001 28.296000 
64.823997 54.307999 28.438999 
64.128998 51.983002 26.408001 
64.250999 50.952999 27.518000 
63.417999 51.379002 25.209000 
63.147999 53.098000 29.323999 
63.512001 53.402000 30.705999 
64.032997 52.206001 31.497999 
64.652000 52.372002 32.551998 
62.312000 54.004002 31.427000 
61.706001 55.155998 30.662001 
62.404999 56.176998 30.468000 
60.534000 55.044998 30.253000 
63.771000 51.000999 31.002001 
64.223999 49.793999 31.677000 
64.517998 48.712002 30.646000 
63.862000 48.636002 29.611000 
63.153999 49.310001 32.664001 
63.567001 48.098999 33.504002 
62.455002 47.813000 34.910000 
62.946999 46.091000 35.380001 
65.521004 47.889999 30.929001 
65.896004 46.805000 30.030001 
66.167999 45.515999 30.785000 
66.980003 45.487000 31.705000 
67.161003 47.157001 29.239000 
67.861000 45.960999 28.565001 
67.021004 45.448002 27.406000 
69.236000 46.379002 28.076000 
65.477997 44.452000 30.389000 
65.697998 43.141998 30.989000 
66.540001 42.408001 29.948000 
66.120003 42.282001 28.797001 
64.365997 42.412998 31.204000 
64.512001 40.952000 31.629999 
63.139999 40.291000 31.708000 
63.227001 38.791000 31.952000 
61.858002 38.186001 32.000000 
67.725998 41.949001 30.341000 
68.617996 41.241001 29.422001 
68.682999 39.755001 29.764999 
69.321999 39.349998 30.743000 
70.021004 41.863998 29.476000 
71.041000 41.437000 28.413000 
70.476997 41.668999 27.020000 
72.330002 42.234001 28.596001 
68.001999 38.953999 28.952000 
67.926003 37.505001 29.124001 
69.254997 36.865002 28.702999 
70.099998 37.523998 28.097000 
66.776001 36.970001 28.268999 
66.121002 35.741001 28.862000 
66.737999 35.084000 29.722000 
64.987000 35.426998 28.451000 
69.436996 35.580002 29.002001 
70.692001 34.931999 28.663000 
70.677002 33.639999 27.855000 
71.605003 32.834000 27.975000 
69.652000 33.419998 27.042000 
69.623001 32.212002 26.225000 
70.661003 32.345001 25.127001 
71.029999 33.451000 24.731001 
68.251999 31.987000 25.568001 
67.044998 31.127001 26.628000 
71.139000 31.198999 24.665001 
72.087997 31.120001 23.573999 
73.371002 31.936001 23.664000 
73.816002 32.539001 22.684000 
71.330002 31.398001 22.278999 
70.178001 30.434000 22.150000 
70.413002 29.061001 22.094000 
68.852997 30.877001 22.183001 
69.363998 28.149000 22.084000 
67.787003 29.965000 22.174000 
68.058998 28.603001 22.127001 
67.032997 27.681999 22.150999 
73.961998 31.937000 24.853001 
75.237000 32.598000 25.084000 
75.981003 31.725000 26.087000 
75.366997 31.132000 26.976000 
75.044998 34.023998 25.622000 
74.285004 34.047001 26.815001 
77.296997 31.613001 25.923000 
78.107002 30.802999 26.827000 
78.434998 31.601000 28.082001 
78.299004 32.824001 28.094999 
79.413002 30.392000 26.150999 
80.246002 31.518999 25.958000 
78.873001 30.906000 29.127001 
79.223999 31.580000 30.364000 
80.291000 32.632999 30.132000 
80.266998 33.706001 30.739000 
81.231003 32.327000 29.242001 
82.309998 33.251999 28.917999 
81.739998 34.497002 28.243000 
82.127998 35.624001 28.555000 
83.322998 32.576000 27.989000 
84.494003 33.460999 27.605000 
85.459000 32.738998 26.673000 
86.640999 33.630001 26.304001 
87.586998 32.948002 25.374001 
80.814003 34.289001 27.313999 
80.194000 35.400002 26.614000 
79.372002 36.263000 27.570999 
79.336998 37.484001 27.441000 
79.316002 34.868999 25.478001 
80.116997 34.380001 24.274000 
79.391998 33.319000 23.464001 
78.149002 33.224998 23.570000 
80.073997 32.582001 22.711000 
78.723999 35.629002 28.541000 
77.911003 36.372002 29.502001 
78.793999 37.195999 30.436001 
78.470001 38.337002 30.761999 
77.038002 35.407001 30.306000 
76.199997 34.507999 29.424000 
75.253998 33.632999 30.209999 
75.525002 33.285000 31.360001 
74.141998 33.257000 29.587999 
79.911003 36.615002 30.858000 
80.844002 37.306000 31.740999 
81.320000 38.601002 31.089001 
81.609001 39.583000 31.771999 
82.029999 36.405998 32.049999 
81.387001 38.597000 29.761000 
81.817001 39.765999 28.999001 
80.646004 40.689999 28.674999 
80.716003 41.900002 28.898001 
82.488998 39.314999 27.695000 
82.739998 40.417000 26.663000 
83.780998 41.424999 27.108999 
84.835999 41.056000 27.625999 
83.495003 42.709999 26.898001 
79.568001 40.098999 28.165001 
78.394997 40.855000 27.766001 
77.603996 41.618000 28.813000 
77.223000 42.762001 28.577000 
77.330002 41.005001 29.958000 
76.561996 41.710999 30.980000 
77.280998 42.973999 31.459000 
76.692001 44.053001 31.503000 
76.226997 40.759998 32.134998 
75.017998 39.895000 31.820000 
73.735001 40.441002 31.819000 
75.161003 38.555000 31.457001 
72.623001 39.680000 31.459000 
74.050003 37.778999 31.091999 
72.783997 38.351002 31.096001 
71.671997 37.612000 30.740000 
78.564003 42.863998 31.818001 
79.237000 44.089001 32.264000 
79.303001 45.081001 31.101000 
79.166000 46.298000 31.278000 
80.614998 43.585999 32.681999 
80.332001 42.172001 33.137001 
79.404999 41.680000 32.056999 
79.487999 44.542000 29.900000 
79.583000 45.355999 28.698000 
78.317001 46.153000 28.429001 
78.391998 47.310001 28.025999 
79.900002 44.471001 27.490999 
80.364998 45.237000 26.264000 
80.796997 44.313999 25.142000 
81.454002 43.299999 25.382000 
80.442001 44.664001 23.910000 
77.153999 45.542000 28.650999 
75.889999 46.231998 28.417000 
75.664001 47.326000 29.459000 
75.055000 48.355000 29.164000 
74.722000 45.237999 28.431000 
73.347000 45.876999 28.292999 
73.107002 46.868999 26.791000 
72.449997 45.629002 25.664000 
76.149002 47.104000 30.676001 
75.998001 48.103001 31.731001 
76.720001 49.369999 31.267000 
76.193001 50.473999 31.375000 
76.607002 47.595001 33.033001 
77.926003 49.195000 30.737000 
78.712997 50.320999 30.246000 
78.019997 51.001999 29.063999 
77.929001 52.229000 29.009001 
80.119003 49.848999 29.851999 
80.941002 49.337002 31.035000 
82.413002 49.139000 30.681000 
82.637001 48.000999 29.792000 
82.849998 46.755001 30.205000 
82.873001 46.473000 31.502001 
83.042999 45.785000 29.318001 
77.512001 50.203999 28.129000 
76.829002 50.740002 26.958000 
75.623001 51.595001 27.341000 
75.417000 52.674999 26.783001 
76.390999 49.602001 26.044001 
74.822998 51.106998 28.285000 
73.642998 51.840000 28.733999 
74.018997 53.195000 29.327000 
73.386002 54.215000 29.042000 
72.873001 51.014000 29.771000 
72.155998 49.763000 29.249001 
71.598000 48.957001 30.415001 
71.040001 50.173000 28.299000 
75.055000 53.200001 30.153000 
75.517998 54.426998 30.785000 
75.959999 55.456001 29.743999 
75.660004 56.643002 29.864000 
76.681000 54.111000 31.724001 
77.130997 55.317001 32.516998 
77.665001 56.278000 31.961000 
76.910004 55.261002 33.825001 
76.665001 54.984001 28.719999 
77.175003 55.845001 27.658001 
76.093002 56.598999 26.889000 
76.342003 57.689999 26.370001 
78.022003 55.021999 26.695999 
74.896004 56.027000 26.811001 
73.803001 56.676998 26.091999 
73.362999 57.925999 26.846001 
72.650002 58.772999 26.304001 
72.581001 55.750000 25.950001 
71.921997 55.630001 27.218000 
73.012001 54.372002 25.469999 
73.787003 58.025002 28.103001 
73.429001 59.169998 28.920000 
72.003998 59.125999 29.437000 
71.571999 60.022999 30.167000 
71.261002 58.089001 29.062000 
69.880997 57.962002 29.509001 
69.792999 56.964001 30.650999 
70.203003 55.814999 30.507000 
68.975998 57.492001 28.365999 
67.501999 57.442001 28.754999 
66.628998 56.880001 27.653999 
65.216003 56.956001 28.011999 
64.514999 58.083000 28.045000 
65.100998 59.231998 27.730000 
63.237999 58.068001 28.403000 
69.263000 57.391998 31.806999 
69.142998 56.483002 32.951000 
68.212997 55.323002 32.612000 
67.044998 55.525002 32.292000 
68.596001 57.388000 34.056000 
67.817001 58.417999 33.299000 
68.718002 58.723000 32.127998 
68.740997 54.105000 32.666000 
67.941002 52.931000 32.341000 
68.086998 51.824001 33.383999 
69.189003 51.365002 33.667000 
68.331001 52.377998 30.938000 
68.057999 53.444000 29.868999 
67.538002 51.105000 30.625999 
68.514000 53.057999 28.471001 
66.970001 51.412998 33.971001 
67.003998 50.338001 34.959000 
67.499001 49.125999 34.181999 
67.014000 48.846001 33.084999 
65.601997 50.055000 35.542999 
65.662003 48.841000 36.480999 
65.098000 51.291000 36.306000 
68.470001 48.426998 34.755001 
69.078003 47.265999 34.125000 
68.802002 45.993000 34.931999 
69.319000 45.819000 36.035000 
70.586998 47.534000 33.995998 
71.408997 46.485001 33.287998 
70.892998 45.755001 32.217999 
72.732002 46.262001 33.659000 
71.683998 44.825001 31.534000 
73.527000 45.341999 32.985001 
72.999001 44.626999 31.924000 
73.801003 43.722000 31.264999 
67.968002 45.124001 34.365002 
67.588997 43.844002 34.969002 
68.388000 42.734001 34.262001 
68.255997 42.558998 33.056999 
66.085999 43.623001 34.775002 
65.739998 42.257000 34.889000 
69.202003 41.993999 35.014999 
70.061996 40.941002 34.460999 
69.686996 39.507000 34.820000 
69.538002 39.175999 35.988998 
71.498001 41.166000 34.925999 
72.120003 42.841000 34.606998 
69.583000 38.639999 33.820999 
69.241997 37.243000 34.085999 
70.485001 36.375000 34.209999 
70.393997 35.158001 34.380001 
68.349998 36.705002 32.973000 
67.138000 37.424000 32.942001 
71.648003 37.014000 34.139000 
72.930000 36.319000 34.221001 
73.027000 35.209999 35.275002 
73.384003 34.076000 34.953999 
74.043999 37.349998 34.441002 
75.444000 36.806000 34.362999 
75.828003 35.562000 33.949001 
76.648003 37.514999 34.673000 
77.199997 35.453999 33.983002 
77.726997 36.639000 34.423000 
76.920998 38.807999 35.139000 
79.063004 37.015999 34.623001 
78.249001 39.181999 35.335999 
79.301003 38.287998 35.077999 
72.706001 35.512001 36.544998 
72.791000 34.485001 37.591999 
71.986000 33.213001 37.337002 
72.474998 32.103001 37.580002 
72.294998 35.209000 38.845001 
72.522003 36.648998 38.547001 
72.204002 36.785999 37.091999 
70.753998 33.369999 36.856998 
69.883003 32.219002 36.605000 
70.510002 31.205000 35.654999 
70.367996 29.999001 35.835999 
68.544998 32.683998 36.049000 
71.199997 31.697001 34.636002 
71.834999 30.809000 33.672001 
73.080002 30.129999 34.219002 
73.516998 29.101000 33.695000 
72.153999 31.584999 32.398998 
70.905998 31.899000 31.627001 
70.375000 30.978001 30.729000 
70.196999 33.074001 31.865999 
69.166000 31.212999 30.091999 
68.982002 33.317001 31.235001 
68.473999 32.380001 30.353001 
67.261002 32.594002 29.756001 
73.630997 30.688999 35.290001 
74.822998 30.125000 35.910999 
74.528999 29.339001 37.189999 
75.445999 28.969999 37.925999 
75.830002 31.243000 36.193001 
76.336998 31.903999 34.923000 
76.919998 30.891001 33.949001 
77.754997 30.070000 34.326000 
76.481003 30.943001 32.693001 
73.251999 29.075001 37.456001 
72.899002 28.312000 38.645000 
72.519997 29.108000 39.884998 
72.098999 28.528999 40.882000 
72.700996 30.423000 39.835999 
72.329002 31.285999 40.950001 
73.099998 31.218000 42.262001 
72.764000 31.929001 43.207001 
74.127998 30.381001 42.341000 
74.887001 30.256001 43.582001 
76.387001 30.415001 43.396999 
76.917999 30.183001 42.313999 
74.622002 28.891001 44.216000 
73.176003 28.566999 44.596001 
73.057999 27.101000 44.979000 
72.745003 29.462999 45.737999 
77.086998 30.837999 44.462002 
78.539001 31.006001 44.389000 
79.112999 29.590000 44.414001 
78.445999 28.660000 44.873001 
78.855003 31.790001 45.660000 
77.830002 31.267000 46.632000 
76.570999 31.256001 45.779999 
80.345001 29.399000 43.916000 
81.237999 30.410000 43.347000 
80.941002 30.805000 41.902000 
81.457001 31.815001 41.423000 
82.609001 29.759001 43.485001 
82.292999 28.325001 43.193001 
81.028999 28.096001 44.009998 
80.123001 30.023001 41.202000 
79.819000 30.351000 39.811001 
79.242996 31.757999 39.681000 
79.564003 32.483002 38.737000 
78.862999 29.320999 39.203999 
79.509003 27.955999 38.980000 
78.591003 27.006001 38.226002 
78.281998 27.521000 36.831001 
77.318001 26.634001 36.118999 
78.397003 32.152000 40.629002 
77.834999 33.493000 40.591999 
78.535004 34.379002 41.613998 
78.789001 33.958000 42.741001 
76.319000 33.493999 40.904999 
75.793999 34.925999 40.875999 
75.574997 32.641998 39.882000 
78.860001 35.599998 41.202999 
79.512001 36.568001 42.078999 
78.514000 37.708000 42.269001 
78.426003 38.603001 41.432999 
80.792000 37.110001 41.431999 
81.512001 38.103001 42.321999 
80.884003 38.784000 43.129002 
82.828003 38.209999 42.178001 
77.763000 37.673000 43.366001 
76.752998 38.694000 43.619999 
77.319000 40.070999 43.945999 
76.609001 41.070000 43.869999 
75.803001 38.216999 44.717999 
74.818001 37.181999 44.216000 
73.776001 37.546001 43.362000 
74.936996 35.838001 44.576000 
72.872002 36.598999 42.877998 
74.040001 34.882999 44.096001 
73.011002 35.272999 43.249001 
72.121002 34.334999 42.773998 
78.593002 40.132000 44.313000 
79.198997 41.426998 44.585999 
79.319000 42.132999 43.238998 
78.985001 43.307999 43.106998 
80.602997 41.289001 45.206001 
80.503998 40.646000 46.481998 
81.236000 42.665001 45.387001 
79.783997 41.398998 42.236000 
79.936996 41.948002 40.896999 
78.580002 42.347000 40.327000 
78.434998 43.417999 39.737000 
80.608002 40.919998 39.983002 
80.694000 41.264000 38.494999 
81.482002 42.554001 38.289001 
81.353996 40.105999 37.759998 
77.583000 41.484001 40.499001 
76.248001 41.785999 40.000999 
75.741997 43.102001 40.588001 
75.151001 43.924999 39.889000 
75.297997 40.638000 40.351002 
75.415001 39.417000 39.431000 
74.753998 38.210999 40.070999 
74.765999 39.740002 38.095001 
75.982002 43.303001 41.876999 
75.542000 44.534000 42.506001 
76.171997 45.757999 41.863998 
75.558998 46.827000 41.820999 
77.390999 45.604000 41.352001 
78.094002 46.715000 40.719002 
77.592003 47.008999 39.313000 
77.592003 48.161999 38.881001 
79.599998 46.432999 40.641998 
80.263000 46.126999 41.971001 
81.767998 45.991001 41.848999 
82.236000 45.338001 40.895000 
82.487999 46.528999 42.714001 
77.155998 45.973999 38.598000 
76.709000 46.169998 37.227001 
75.211998 46.165001 36.936001 
74.796997 46.708000 35.917000 
77.367996 45.139999 36.287998 
76.889000 43.731998 36.639000 
78.886002 45.231998 36.403999 
77.367996 42.667000 35.665001 
74.404999 45.570000 37.813999 
72.959000 45.492001 37.587002 
72.113998 46.094002 38.702999 
72.554001 46.174000 39.853001 
72.539001 44.032001 37.397999 
73.467003 43.173000 36.091999 
70.896004 46.506001 38.348999 
69.945999 47.078999 39.304001 
69.151001 45.953999 39.962002 
68.682999 46.088001 41.084000 
68.983002 48.036999 38.603001 
69.601997 49.400002 38.330002 
69.510002 49.924000 37.219002 
70.216003 49.986000 39.348999 
68.981003 44.848999 39.243999 
68.273003 43.691002 39.778000 
68.633003 42.505001 38.907001 
69.070000 42.680000 37.764999 
66.749001 43.898998 39.785999 
66.009003 44.161999 38.471001 
64.519997 43.928001 38.657001 
66.276001 45.587002 38.014999 
68.463997 41.301998 39.441002 
68.808998 40.108002 38.679001 
67.916000 38.924999 38.990002 
67.543999 38.709000 40.137001 
70.264999 39.731998 38.958000 
70.607002 39.772999 40.417000 
70.348000 38.810001 41.355999 
71.241997 40.853001 41.113998 
70.787003 39.224998 42.596001 
71.336998 40.473999 42.473999 
71.737999 42.105000 40.721001 
71.907997 41.304001 43.442001 
72.308998 42.933998 41.689999 
72.388000 42.525002 43.034000 
67.564003 38.169998 37.953999 
66.742996 36.974998 38.118000 
67.723000 35.893002 38.549999 
68.609001 35.511002 37.782001 
66.082001 36.601002 36.783001 
64.832001 37.417000 36.459999 
63.648998 36.925999 37.289001 
63.533001 35.478001 37.150002 
63.160999 34.862999 36.033001 
62.839001 35.566002 34.952999 
63.179001 33.535000 35.974998 
67.579002 35.415001 39.782001 
68.488998 34.400002 40.311001 
68.109001 32.974998 39.966999 
68.975998 32.097000 39.888000 
68.522003 34.401001 41.851002 
68.558998 35.780998 42.469002 
67.640999 36.582001 42.296001 
69.611000 36.049999 43.237999 
66.814003 32.749001 39.780998 
66.299004 31.393999 39.640999 
65.302002 31.135000 38.505001 
65.154999 31.952999 37.606998 
65.709999 31.056999 41.020000 
65.344002 29.628000 41.297001 
66.273003 28.599001 41.150002 
64.058998 29.302999 41.729000 
65.928001 27.280001 41.425999 
63.707001 27.988001 42.009998 
64.643997 26.986000 41.855999 
64.287003 25.694000 42.145000 
64.624001 29.989000 38.553001 
63.679001 29.591000 37.509998 
62.488998 30.511000 37.298000 
62.039001 31.177000 38.228001 
63.136002 28.190001 37.785999 
64.216003 27.125000 37.780998 
65.347000 27.393999 37.307999 
63.915001 26.006001 38.243000 
61.980999 30.521000 36.063999 
60.814999 31.333000 35.710999 
59.623001 30.872000 36.528999 
59.425999 29.676001 36.743000 
60.414001 31.165001 34.241001 
61.499001 31.559999 33.271000 
62.437000 32.286999 33.653999 
61.386002 31.146999 32.095001 
58.806000 31.818001 36.965000 
57.625000 31.462999 37.722000 
56.560001 30.983000 36.729000 
56.477001 31.481001 35.611000 
57.116001 32.692001 38.529999 
55.956001 32.284000 39.444000 
56.713001 33.806000 37.582001 
55.631001 33.327000 40.514999 
55.780998 29.981001 37.123001 
54.713001 29.474001 36.278999 
53.429001 29.749001 37.050999 
53.480999 30.091000 38.236000 
54.880001 27.972000 36.023998 
56.181999 27.572001 35.312000 
56.436001 28.306999 33.997002 
55.521000 28.549999 33.203999 
57.696999 28.650999 33.755001 
52.278999 29.573999 36.410000 
51.008999 29.882000 37.077000 
50.467999 28.754000 37.958000 
49.474998 28.114000 37.618000 
49.960999 30.271000 36.025002 
48.792000 31.040001 36.624001 
48.703999 31.107000 37.865002 
47.966000 31.576000 35.853001 
51.117001 28.528000 39.098000 
50.707001 27.482000 40.027000 
51.307999 27.757000 41.397999 
52.354000 28.395000 41.514000 
51.200001 26.111000 39.554001 
52.589001 25.988001 39.794998 
50.638000 27.268999 42.432999 
51.105999 27.433001 43.799000 
52.439999 26.691999 43.988998 
53.354000 27.215000 44.624001 
50.049000 26.900999 44.768002 
50.411999 26.990999 46.222000 
50.333000 25.981001 47.145000 
50.839001 28.156000 46.939999 
50.678001 26.448999 48.389999 
50.993999 27.778999 48.294998 
51.102001 29.486000 46.573002 
51.403000 28.683001 49.290001 
51.508999 30.389999 47.566002 
51.653999 29.978001 48.907001 
52.570000 25.488001 43.430000 
53.834999 24.754999 43.580002 
55.012001 25.521999 42.993000 
56.147999 25.407000 43.486000 
53.754002 23.362000 42.939999 
53.084999 22.344000 43.845001 
52.917000 22.624001 45.053001 
52.740002 21.254000 43.348000 
54.763000 26.306000 41.949001 
55.839001 27.101999 41.351002 
56.269001 28.150999 42.374001 
57.463001 28.355000 42.618999 
55.368000 27.788000 40.068001 
56.393002 28.615999 39.546001 
55.296001 28.830999 42.971001 
55.608002 29.825001 43.992001 
56.383999 29.193001 45.154999 
57.379002 29.749001 45.626999 
54.318001 30.479000 44.549000 
54.660999 31.415001 45.691002 
53.618999 31.254000 43.430000 
55.929001 28.033001 45.625000 
56.599998 27.367001 46.735001 
58.033001 26.988001 46.368000 
58.944000 27.099001 47.194000 
55.833000 26.108000 47.154999 
54.453999 26.266001 47.812000 
53.855000 24.886000 48.049000 
54.574001 27.020000 49.134998 
58.221001 26.534000 45.132999 
59.543999 26.139999 44.665001 
60.498001 27.333000 44.709000 
61.662998 27.195999 45.088001 
59.445999 25.589001 43.237000 
60.734001 25.336000 42.706001 
59.992001 28.509001 44.341999 
60.798000 29.725000 44.338001 
61.069000 30.169001 45.771000 
62.202999 30.493000 46.127998 
60.082001 30.843000 43.527000 
60.152000 30.503000 42.032001 
60.715000 32.194000 43.812000 
59.265999 31.372000 41.127998 
60.027000 30.166000 46.597000 
60.162998 30.535000 48.000999 
61.199001 29.641001 48.682999 
62.098999 30.124001 49.382999 
58.799999 30.399000 48.729000 
58.993999 30.436001 50.242001 
57.873001 31.546000 48.280998 
61.083000 28.334999 48.478001 
62.021000 27.412001 49.110001 
63.465000 27.551001 48.660999 
64.380997 27.424999 49.480999 
61.556000 25.968000 48.918999 
60.341999 25.636999 49.770000 
60.104000 26.349001 50.771000 
59.634998 24.662001 49.449001 
63.688000 27.804001 47.374001 
65.060997 27.941000 46.880001 
65.693001 29.204000 47.451000 
66.824997 29.181999 47.930000 
65.101997 28.021000 45.348000 
66.514000 28.048000 44.782001 
67.294998 26.966999 44.469002 
67.297997 29.212000 44.459000 
68.514999 27.385000 43.966999 
68.541000 28.754000 43.952000 
67.072998 30.594999 44.549999 
69.555000 29.632999 43.535000 
68.092003 31.473000 44.132999 
69.314003 30.982000 43.632000 
64.960999 30.312000 47.403000 
65.508003 31.561001 47.914001 
65.764000 31.541000 49.412998 
66.799004 32.034000 49.879002 
64.579002 32.740002 47.563999 
64.811996 33.313000 46.189999 
65.739998 34.332001 46.000000 
64.115997 32.830002 45.087002 
65.973000 34.861000 44.727001 
64.341003 33.348000 43.810001 
65.271004 34.366001 43.627998 
64.844002 30.976999 50.191002 
65.065002 30.979000 51.624001 
66.065002 29.919001 52.073002 
66.809998 30.134001 53.033001 
63.721001 30.905001 52.355999 
62.951000 32.206001 52.293999 
63.441002 33.341000 52.936001 
61.784000 32.317001 51.541000 
62.779999 34.580002 52.825001 
61.115002 33.542000 51.422001 
61.612000 34.675999 52.063999 
66.121002 28.792000 51.366001 
67.102997 27.761999 51.713001 
68.511002 28.330999 51.518002 
69.419998 28.072001 52.313000 
66.942001 26.511999 50.821999 
65.810997 25.764000 51.270000 
68.189003 25.622000 50.880001 
68.676003 29.115000 50.458000 
69.959999 29.722000 50.112999 
70.098000 31.171000 50.556999 
70.977997 31.886000 50.076000 
70.151001 29.650000 48.596001 
70.248001 28.232000 48.101002 
71.180000 27.518999 48.452999 
69.275002 27.805000 47.293999 
69.259003 31.613001 51.487000 
69.308998 33.011002 51.903999 
70.668999 33.507999 52.380001 
70.985001 34.680000 52.216000 
68.237999 33.298000 52.966999 
68.373001 32.515999 54.258999 
67.155998 32.673000 55.154999 
66.158997 33.293999 54.765999 
67.223999 32.108002 56.353001 
71.477997 32.630001 52.958000 
72.793999 33.048000 53.438999 
73.683998 33.637001 52.366001 
74.480003 34.534000 52.647999 
73.532997 31.882999 54.097000 
73.019997 31.601999 55.466000 
72.249001 32.459999 55.936001 
73.372002 30.563000 56.071999 
73.560997 33.134998 51.139999 
74.393997 33.632999 50.053001 
73.661003 34.584999 49.116001 
74.203003 34.969002 48.083000 
74.981003 32.464001 49.215000 
75.752998 31.518000 50.124001 
73.859001 31.709000 48.490002 
72.439003 34.973999 49.485001 
71.634003 35.869999 48.651001 
71.218002 37.153999 49.355999 
71.369003 38.247002 48.814999 
70.367996 35.150002 48.179001 
70.583000 33.814999 47.466000 
69.234001 33.145000 47.182999 
71.355003 34.069000 46.178001 
70.681999 37.007000 50.563999 
70.200996 38.133999 51.360001 
71.196999 39.280998 51.554001 
70.825996 40.451000 51.459000 
69.718002 37.611000 52.722000 
69.113998 38.648998 53.687000 
70.139999 39.595001 54.300999 
71.260002 39.195000 54.623001 
69.750999 40.854000 54.483002 
72.475998 38.969002 51.812000 
73.459000 40.043999 52.015999 
73.749001 40.938000 50.813000 
74.240997 42.056999 50.973000 
74.713997 39.287998 52.456001 
74.167000 38.048000 53.096001 
73.066002 37.661999 52.134998 
73.432999 40.463001 49.613998 
73.742996 41.220001 48.403000 
72.633003 42.066002 47.808998 
72.776001 42.590000 46.712002 
74.289001 40.250999 47.355999 
75.417000 39.414001 47.867001 
76.708000 39.931999 47.941002 
75.182999 38.126999 48.345001 
77.749001 39.178001 48.490002 
76.213997 37.363998 48.894001 
77.500999 37.889000 48.967999 
71.528000 42.202999 48.530998 
70.406998 43.008999 48.069000 
70.453003 44.347000 48.790001 
70.837997 44.409000 49.956001 
69.096001 42.306999 48.382000 
70.057999 45.411999 48.097000 
70.058998 46.730000 48.709000 
69.668999 47.817001 47.731998 
69.499001 47.546001 46.543999 
69.510002 49.066002 48.195999 
69.135002 50.140999 47.276001 
70.029999 50.110001 46.035999 
71.258003 50.124001 46.152000 
69.346001 51.396000 48.117001 
69.007004 50.912998 49.507999 
69.699997 49.577000 49.564999 
69.411003 50.036999 44.860001 
70.170998 50.011002 43.620998 
70.528999 48.639000 43.063999 
70.948997 48.541000 41.914001 
70.377998 47.582001 43.859001 
70.708000 46.235001 43.387001 
69.899002 45.164001 44.125999 
70.196999 44.826000 45.269001 
72.207001 45.972000 43.549999 
72.723999 46.212002 44.936001 
73.138000 47.452999 45.375000 
72.892998 45.368999 45.980999 
73.542000 47.362000 46.630001 
73.403000 46.108002 47.021000 
68.896004 44.605999 43.452000 
68.025002 43.620998 44.090000 
68.028999 42.205002 43.540001 
68.403999 41.974998 42.391998 
66.586998 44.112999 44.027000 
66.425003 45.556999 44.344002 
66.394997 46.596001 43.458000 
66.299004 46.130001 45.645000 
66.257004 47.789001 44.133999 
66.195000 47.529999 45.478001 
66.265999 45.597000 46.941002 
66.056999 48.404999 46.560001 
66.128998 46.467999 48.021999 
66.026001 47.856998 47.820999 
67.594002 41.269001 44.382000 
67.432999 39.873001 43.991001 
66.036003 39.912998 43.375999 
65.181999 40.675999 43.833000 
67.416000 38.945000 45.208000 
68.804001 38.675999 45.763000 
69.700996 38.226002 45.041000 
68.982002 38.930000 47.054001 
65.792999 39.098999 42.358002 
64.500999 39.109001 41.686001 
63.950001 37.699001 41.591999 
64.422997 36.898998 40.783001 
64.680000 39.709999 40.292000 
63.382999 39.816002 39.508999 
62.312000 39.414001 40.009998 
63.446999 40.314999 38.367001 
62.952999 37.368000 42.433998 
62.335999 36.036999 42.439999 
61.292000 35.852001 41.337002 
60.608002 34.833000 41.292000 
61.738998 35.945000 43.839001 
61.306999 37.356998 44.092999 
62.474998 38.171001 43.575001 
61.183998 36.861000 40.471001 
60.278000 36.895000 39.310001 
58.926998 37.547001 39.578999 
58.644001 38.006001 40.693001 
60.071999 35.487999 38.701000 
59.918999 35.518002 37.173000 
59.782001 36.618999 36.594002 
59.926998 34.431999 36.539001 
58.109001 37.576000 38.530998 
56.785000 38.198002 38.522999 
55.708000 37.743999 39.502998 
55.629002 36.577000 39.900002 
56.205002 38.097000 37.106998 
57.029999 38.792000 36.040001 
56.563999 38.264000 34.387001 
57.618000 36.820000 34.196999 
54.862999 38.696999 39.882999 
53.735001 38.417999 40.755001 
52.683998 37.813000 39.827999 
52.457001 38.337002 38.735001 
53.196999 39.721001 41.362000 
54.123001 40.480999 42.320999 
53.497002 41.834000 42.694000 
54.355999 39.638000 43.564999 
52.057999 36.710999 40.238998 
51.041000 36.075001 39.410000 
49.651001 36.196999 40.023998 
48.730999 35.462002 39.674000 
51.367001 34.580002 39.154999 
51.532001 33.832001 40.483002 
52.631001 34.480999 38.303001 
51.610001 32.279999 40.319000 
49.521000 37.134998 40.952999 
48.255001 37.409000 41.617001 
47.307999 37.957001 40.549999 
47.681999 38.848000 39.783001 
48.466000 38.452000 42.726002 
49.381001 37.862999 43.804001 
47.124001 38.890999 43.299999 
50.082001 38.910000 44.667999 
46.097000 37.415001 40.494999 
45.139999 37.855000 39.495998 
45.042999 36.876999 38.338001 
44.237999 37.061001 37.425999 
45.853001 35.820000 38.366001 
45.807999 34.866001 37.273998 
45.019001 33.588001 37.553001 
44.066002 33.599998 38.340000 
47.224998 34.569000 36.775002 
47.903999 35.810001 36.206001 
47.243000 36.688000 35.636002 
49.221001 35.886002 36.345001 
45.415001 32.487000 36.918999 
44.671001 31.233999 37.014999 
44.972000 30.223000 38.099998 
44.083000 29.486000 38.518002 
44.776001 30.489000 35.685001 
44.478001 31.337999 34.500000 
43.173000 31.719000 34.214001 
45.501999 31.770000 33.673000 
42.893002 32.519001 33.112999 
45.237000 32.569000 32.571999 
43.929001 32.943001 32.291000 
46.217999 30.173000 38.548000 
46.584000 29.148001 39.504002 
46.548000 29.372000 40.992001 
46.550999 28.393999 41.742001 
46.520000 30.622999 41.439999 
46.513000 30.872000 42.873001 
45.153000 31.145000 43.487000 
44.312000 31.844999 42.905998 
47.438000 32.034000 43.222000 
48.912998 31.944000 42.826000 
49.672001 33.049000 43.537998 
49.485001 30.582001 43.224998 
44.938000 30.570000 44.660999 
43.702000 30.799999 45.403000 
43.898998 32.162998 46.054001 
44.973000 32.768002 45.931000 
43.533001 29.757999 46.500000 
44.576000 29.879999 47.463001 
42.870998 32.637001 46.755001 
42.932999 33.926998 47.439999 
44.046001 33.953999 48.499001 
44.876999 34.862999 48.520000 
41.582001 34.209000 48.096001 
41.587002 35.381001 49.048000 
41.747002 36.688999 48.582001 
41.422001 35.180000 50.417000 
41.737999 37.772999 49.472000 
41.410000 36.248001 51.310001 
41.564999 37.535999 50.832001 
41.508999 38.584999 51.723999 
44.057999 32.957001 49.380001 
45.066002 32.872002 50.436001 
46.474998 32.811001 49.851002 
47.404999 33.438000 50.363998 
44.819000 31.629000 51.303001 
43.541000 31.693001 52.138000 
43.646000 32.626999 53.332001 
42.587002 33.042000 53.848999 
44.776001 32.932999 53.775002 
46.624001 32.041000 48.779999 
47.908001 31.886999 48.102001 
48.391998 33.194000 47.480000 
49.592999 33.502998 47.473999 
47.771999 30.797001 47.039001 
47.691002 29.408001 47.671001 
47.023998 28.389999 46.782001 
46.938000 28.570999 45.568001 
46.555000 27.302999 47.381001 
47.452000 33.973000 46.965000 
47.789001 35.248001 46.363998 
48.311001 36.180000 47.444000 
49.296001 36.891998 47.240002 
46.549000 35.852001 45.701000 
46.157001 35.075001 44.587002 
47.640999 36.185001 48.591000 
48.063000 37.023998 49.701000 
49.445000 36.571999 50.154999 
50.286999 37.388000 50.530998 
47.067001 36.921001 50.855999 
45.779999 37.736000 50.653000 
45.020000 37.846001 51.964001 
44.176998 39.042000 52.058998 
43.499001 39.388000 53.153000 
43.560001 38.631001 54.243000 
42.762001 40.495998 53.160999 
49.679001 35.263000 50.118999 
50.984001 34.743000 50.518002 
52.110001 35.221001 49.599998 
53.166000 35.618000 50.083000 
50.959000 33.207001 50.563000 
50.081001 32.742001 51.584000 
51.918999 35.176998 48.283001 
53.002998 35.625000 47.408001 
53.331001 37.091000 47.645000 
54.495998 37.459999 47.716000 
52.693001 35.430000 45.914001 
53.851002 35.970001 45.046001 
53.658001 35.791000 43.551998 
52.563999 35.966999 43.034000 
54.744999 35.462002 42.847000 
52.307999 37.926998 47.773998 
52.549999 39.345001 47.991001 
53.367001 39.570000 49.262001 
54.327999 40.346001 49.265999 
51.222000 40.106998 48.094002 
51.389999 41.625000 48.097000 
51.804001 42.273998 46.467999 
51.794998 44.108002 46.778000 
52.985001 38.887001 50.334000 
53.673000 39.019001 51.617001 
55.117001 38.535000 51.567001 
56.012001 39.206001 52.074001 
52.909000 38.254002 52.707001 
55.344002 37.370998 50.963001 
56.696999 36.828999 50.888000 
57.585999 37.625000 49.946999 
58.773998 37.776001 50.214001 
56.650002 35.344002 50.494999 
55.979000 34.487000 51.575001 
55.821999 33.042000 51.090000 
56.827000 34.522999 52.862999 
57.028999 38.153999 48.855999 
57.844002 38.948002 47.941002 
58.242001 40.234001 48.674999 
59.325001 40.783001 48.465000 
57.066002 39.278999 46.655998 
57.397999 38.395000 45.466000 
57.771000 38.820999 44.223999 
57.376999 36.956001 45.403999 
57.983002 37.744999 43.393002 
57.751999 36.590000 44.090000 
57.082001 35.943001 46.330002 
57.841000 35.248001 43.673000 
57.169998 34.604000 45.915001 
57.547001 34.276001 44.601002 
57.372002 40.700001 49.562000 
57.667999 41.916000 50.321999 
58.785999 41.658001 51.340000 
59.650002 42.506001 51.551998 
56.398998 42.433998 51.000999 
55.473000 42.831001 49.980000 
56.710999 43.626999 51.908001 
58.770000 40.479000 51.957001 
59.813000 40.088001 52.904999 
61.146999 40.021000 52.153999 
62.196999 40.389000 52.687000 
59.512001 38.687000 53.512001 
58.409000 38.794998 54.568001 
60.773998 38.075001 54.109001 
58.807999 39.558998 55.816002 
61.103001 39.549000 50.911999 
62.317001 39.424999 50.099998 
62.817001 40.713001 49.450001 
63.848999 40.702000 48.771999 
62.113998 38.383999 48.992001 
62.036999 36.949001 49.473999 
62.090000 35.796001 48.085999 
60.358002 35.778000 47.660000 
62.102001 41.818001 49.654999 
62.486000 43.091000 49.047001 
62.597000 42.858002 47.544998 
63.546001 43.306000 46.886002 
63.821999 43.567001 49.612000 
61.612999 42.137001 47.018002 
61.561001 41.792999 45.610001 
60.873001 42.856998 44.785000 
60.085999 43.654999 45.301998 
60.819000 40.460999 45.429001 
61.166000 42.889999 43.479000 
60.516998 43.886002 42.632000 
59.053001 43.495998 42.651001 
58.731998 42.320000 42.811001 
61.132999 43.631001 41.252998 
62.486000 43.067001 41.574001 
62.192001 42.140999 42.733002 
58.160999 44.465000 42.520000 
56.745998 44.150002 42.483002 
56.301998 44.360001 41.040001 
55.695999 45.384998 40.698002 
55.955002 45.057999 43.437000 
56.224998 44.851002 44.932999 
55.396999 45.839001 45.743000 
55.877998 43.422001 45.339001 
56.641998 43.390999 40.188999 
56.289001 43.445999 38.775002 
55.133999 42.490002 38.487999 
55.307999 41.263000 38.414001 
57.518002 43.115002 37.915001 
58.648998 44.152000 38.042000 
59.922001 43.665001 37.361000 
58.183998 45.478001 37.424999 
53.943001 43.069000 38.353001 
52.722000 42.314999 38.084000 
52.672001 41.805000 36.644001 
53.042999 42.512001 35.714001 
51.487000 43.208000 38.291000 
51.403999 43.925999 39.624001 
49.860001 44.880001 39.750999 
50.292000 46.345001 38.759998 
52.214001 40.575001 36.458000 
52.046001 40.043999 35.113998 
50.652000 39.443001 35.124001 
50.464001 38.249001 35.361000 
53.087002 38.973999 34.780998 
53.035000 38.679001 33.389999 
49.665001 40.291000 34.881001 
48.278999 39.862999 34.900002 
47.492001 40.828999 34.019001 
47.990002 41.903000 33.687000 
47.750999 39.875000 36.358002 
46.469002 39.247002 36.415001 
47.650002 41.306999 36.889999 
46.285000 40.452000 33.612999 
45.507999 41.347000 32.765999 
44.814999 42.373001 33.653000 
43.827000 42.069000 34.313999 
44.464001 40.583000 31.952000 
43.886002 41.425999 30.833000 
43.855000 42.665001 30.992001 
43.462002 40.862999 29.805000 
45.344002 43.589001 33.655998 
44.800999 44.659000 34.478001 
43.410000 45.106998 34.048000 
42.762001 45.868999 34.757999 
45.754002 45.856998 34.470001 
47.168999 45.592999 34.995998 
48.011002 46.847000 34.847000 
47.106998 45.164001 36.449001 
42.958000 44.636002 32.887001 
41.637001 44.988998 32.374001 
40.542000 44.116001 32.966000 
39.377998 44.513000 33.001999 
41.605999 44.854000 30.850000 
42.478001 45.854000 30.121000 
42.716000 45.424000 28.683001 
43.400002 44.134998 28.618999 
44.011002 43.662998 27.537001 
44.028000 44.374001 26.417999 
44.605999 42.478001 27.572001 
40.911999 42.928001 33.433998 
39.933998 42.006001 33.993000 
40.233002 41.584000 35.423000 
39.542000 40.726002 35.972000 
39.835999 40.730999 33.138000 
41.132999 40.126999 33.039001 
39.319000 41.056000 31.742001 
41.252998 42.180000 36.028999 
41.630001 41.821999 37.389000 
40.452999 41.894001 38.358002 
39.634998 42.811001 38.292000 
42.768002 42.721001 37.900002 
43.300999 42.167999 39.222000 
42.276001 44.157001 38.095001 
44.507000 42.916000 39.737999 
40.367001 40.916000 39.252998 
39.283001 40.861000 40.228001 
39.487000 41.876999 41.345001 
40.605000 42.330002 41.594002 
39.199001 39.466000 40.847000 
40.287998 39.247002 41.737000 
38.398998 42.257999 42.028000 
38.493999 43.223999 43.127998 
39.435001 42.723999 44.233002 
40.265999 43.471001 44.743999 
37.053001 43.330002 43.613998 
36.262001 43.130001 42.345001 
36.990002 41.973999 41.693001 
39.300999 41.452000 44.598000 
40.146000 40.887001 45.645000 
41.618999 40.879002 45.250000 
42.480000 41.146999 46.078999 
39.694000 39.466000 45.993999 
39.796001 38.612000 44.872002 
41.915001 40.574001 43.988998 
43.305000 40.550999 43.542000 
43.838001 41.976002 43.551998 
44.969002 42.229000 43.966999 
43.410999 39.951000 42.139999 
43.013000 42.910999 43.091999 
43.403999 44.317001 43.069000 
43.692001 44.819000 44.480999 
44.679001 45.520000 44.710999 
42.283001 45.161999 42.451000 
42.571999 46.659000 42.458000 
41.451000 47.444000 41.787998 
41.717999 48.941002 41.856998 
40.644001 49.742001 41.188000 
42.820999 44.459999 45.421001 
42.962002 44.875999 46.811001 
44.269001 44.388000 47.431000 
44.842999 45.054001 48.286999 
41.775002 44.361000 47.631001 
41.750000 44.851002 49.068001 
40.567001 44.271000 49.832001 
40.528999 44.785000 51.265999 
39.409000 44.185001 52.047001 
44.728001 43.215000 47.006001 
45.973999 42.645000 47.518002 
47.161999 43.432999 46.990002 
48.039001 43.852001 47.748001 
46.146000 41.167000 47.061001 
45.084999 40.287998 47.723000 
47.555000 40.672001 47.396000 
45.112999 38.839001 47.261002 
47.172001 43.627998 45.676998 
48.245998 44.327999 44.987000 
48.317001 45.818001 45.308998 
49.368000 46.443001 45.159000 
48.094002 44.132999 43.473999 
48.354000 42.706001 42.966000 
47.792000 42.539001 41.574001 
49.862000 42.424000 42.987000 
47.206001 46.386002 45.759998 
47.196999 47.808998 46.080002 
47.325001 48.139000 47.568001 
47.206001 49.305000 47.957001 
45.936001 48.462002 45.505001 
45.827000 48.344002 43.986000 
44.907001 49.394001 43.375000 
43.898998 49.769001 43.970001 
45.250999 49.865002 42.178001 
47.584999 47.130001 48.397999 
47.729000 47.339001 49.841999 
48.876999 48.324001 50.112000 
50.046001 48.000000 49.924999 
47.992001 45.993999 50.535999 
47.941002 46.097000 52.049000 
48.658001 46.889999 52.646000 
47.091999 45.289001 52.674999 
48.529999 49.529999 50.556000 
49.514999 50.578999 50.813000 
50.592999 50.264999 51.839001 
51.759998 50.566002 51.610001 
48.804001 51.876999 51.213001 
47.875000 52.418999 50.145000 
47.313999 53.778000 50.547001 
46.487000 53.688999 51.744999 
45.205002 53.335999 51.747002 
44.592999 53.042999 50.608002 
44.535000 53.270000 52.890999 
50.209000 49.678001 52.967999 
51.185001 49.348000 53.997002 
52.138000 48.285000 53.459999 
53.354000 48.356998 53.681999 
50.491001 48.847000 55.265999 
51.435001 48.469002 56.410000 
52.386002 49.618999 56.712002 
50.624001 48.105999 57.646999 
51.584000 47.307999 52.743000 
52.391998 46.240002 52.147999 
53.417999 46.869999 51.214001 
54.602001 46.535999 51.250999 
51.501999 45.271000 51.353001 
52.258999 44.104000 50.705002 
52.798000 42.884998 51.926998 
51.238998 42.042000 52.205002 
52.959000 47.798000 50.382000 
53.846001 48.469002 49.451000 
54.898998 49.287998 50.191002 
56.068001 49.294998 49.798000 
53.040001 49.352001 48.460999 
52.192001 48.444000 47.563999 
53.981998 50.194000 47.615002 
51.188999 49.172001 46.693001 
54.499001 49.963001 51.269001 
55.444000 50.752998 52.060001 
56.581001 49.868999 52.587002 
57.751999 50.249001 52.563999 
54.737000 51.396999 53.257000 
55.671001 52.233002 54.132000 
55.117001 52.487000 55.525002 
53.979000 52.917000 55.682999 
55.931000 52.223999 56.543999 
56.222000 48.693001 53.083000 
57.208000 47.764999 53.613998 
58.103001 47.254002 52.487000 
59.318001 47.147999 52.651001 
56.515999 46.584000 54.308998 
55.682999 47.108002 55.481998 
57.543999 45.568001 54.785000 
54.800999 46.056999 56.126999 
57.507000 46.937000 51.341999 
58.301998 46.445000 50.219002 
59.272999 47.532001 49.789001 
60.449001 47.271000 49.519001 
57.396000 46.055000 49.041000 
58.183998 45.737999 47.778999 
58.530998 46.632999 47.005001 
58.490002 44.458000 47.580002 
58.771999 48.762001 49.770000 
59.549000 49.925999 49.359001 
60.404999 50.569000 50.449001 
60.949001 51.659000 50.249001 
58.592999 50.973000 48.797001 
57.845001 50.518002 47.549999 
58.748001 50.401001 46.338001 
59.070999 51.395000 45.674999 
59.158001 49.181000 46.035000 
60.534000 49.910000 51.592999 
61.324001 50.457001 52.693001 
62.681000 50.990002 52.227001 
63.435001 50.286999 51.554001 
61.541000 49.398998 53.765999 
62.117001 49.981998 55.034000 
61.358002 50.644001 55.777000 
63.324001 49.786999 55.277000 
63.014000 52.240002 52.599998 
64.263000 52.929001 52.249001 
65.583000 52.223000 52.558998 
66.570000 52.436001 51.860001 
64.146004 54.259998 52.995998 
63.160999 54.087002 53.992001 
62.157001 53.119999 53.415001 
65.620003 51.400002 53.601002 
66.862000 50.714001 53.950001 
67.227997 49.617001 52.965000 
68.400002 49.300999 52.796001 
66.782997 50.102001 55.346001 
66.625000 51.027000 56.546001 
66.656998 50.189999 57.814999 
67.742996 52.063999 56.553001 
66.223999 49.026001 52.330002 
66.489998 47.971001 51.373001 
67.179001 46.744999 51.945999 
68.016998 46.130001 51.278999 
66.846001 46.383999 53.181000 
67.439003 45.200001 53.792999 
66.499001 44.008999 53.589001 
65.417999 43.942001 54.176998 
67.696999 45.404999 55.300999 
68.683998 46.558998 55.499001 
68.267998 44.126999 55.914001 
69.011002 46.858002 56.951000 
66.911003 43.075001 52.738998 
66.094002 41.895000 52.465000 
65.899002 41.075001 53.735001 
66.825996 40.922001 54.532001 
66.761002 41.033001 51.382999 
65.925003 39.835999 50.924000 
66.484001 39.201000 49.660999 
66.929001 39.896999 48.755001 
66.452003 37.872002 49.594002 
64.686996 40.555000 53.916000 
64.378998 39.756001 55.090000 
64.807999 38.306000 54.939999 
65.386002 37.924999 53.919998 
64.513000 37.501999 55.956001 
64.886002 36.094002 55.980999 
63.827000 35.245998 56.662998 
62.952999 35.759998 57.359001 
66.177002 35.896999 56.779999 
67.390999 36.629002 56.269001 
68.616997 36.235001 57.094002 
69.861000 36.770000 56.546001 
70.947998 36.046001 56.280998 
70.966003 34.743999 56.505001 
72.023003 36.630001 55.778000 
63.917999 33.937000 56.457001 
63.026001 33.014999 57.133999 
63.761002 32.783001 58.452999 
64.976997 32.556999 58.452000 
62.901001 31.695000 56.368000 
61.988998 30.683001 57.049000 
61.632000 29.542000 56.111000 
62.801998 28.813000 55.627998 
62.773998 27.959000 54.606998 
61.638000 27.733999 53.959999 
63.874001 27.325001 54.237999 
63.058998 32.865002 59.580002 
63.731998 32.668999 60.862999 
63.290001 31.410999 61.591000 
63.966999 30.951000 62.511002 
63.528000 33.880001 61.806999 
62.041000 34.134998 62.028999 
64.182999 35.125000 61.212002 
61.764000 35.112000 63.174000 
62.160000 30.850000 61.175999 
61.633999 29.650999 61.806000 
60.919998 28.715000 60.840000 
60.235001 29.157000 59.917000 
60.612000 30.000999 62.919998 
61.294998 30.753000 64.059998 
59.977001 28.733999 63.458000 
60.324001 31.212999 65.130997 
61.094002 27.417000 61.073002 
60.431999 26.363001 60.306999 
59.922001 25.372999 61.344002 
60.660999 24.493000 61.779999 
61.401001 25.652000 59.368999 
61.701000 26.413000 58.111000 
62.372002 25.528000 57.068001 
61.470001 24.385000 56.648998 
61.998001 23.674999 55.451000 
58.665001 25.525000 61.743000 
58.066002 24.653999 62.755001 
57.700001 23.278999 62.216000 
57.539001 23.084999 61.011002 
56.807999 25.312000 63.327000 
57.026001 26.705999 63.881001 
57.667999 26.705999 65.252998 
58.397999 25.743000 65.579002 
57.460999 27.677999 66.013000 
57.567001 22.319000 63.124001 
57.185001 20.985001 62.709999 
55.691002 20.996000 62.433998 
55.143002 20.039000 61.901001 
55.035000 22.089001 62.807999 
53.598999 22.247999 62.597000 
53.333000 22.698000 61.161999 
52.187000 22.930000 60.766998 
53.050999 23.292999 63.562000 
53.770000 24.504999 63.417000 
54.408001 22.820999 60.390999 
54.340000 23.247999 58.995998 
54.051998 24.750999 58.896999 
53.474998 25.232000 57.919998 
53.276001 22.447001 58.235001 
53.724998 21.973000 56.889000 
52.937000 21.190001 56.074001 
54.875000 22.187000 56.205002 
53.578999 20.943001 54.945999 
54.757999 21.538000 54.999001 
54.441002 25.476000 59.937000 
54.306000 26.927000 59.973000 
55.713001 27.489000 59.792999 
56.658001 26.983000 60.398998 
53.782001 27.424999 61.338001 
52.384998 26.865000 61.599998 
53.768002 28.945999 61.368999 
51.374001 27.242001 60.535000 
55.859001 28.511999 58.956001 
57.160999 29.142000 58.754002 
57.027000 30.611000 59.148998 
55.980000 31.233999 58.928001 
57.616001 29.007000 57.286999 
57.801998 27.537001 56.860001 
58.338001 27.349001 55.439999 
58.436001 28.327999 54.672001 
58.657001 26.191000 55.091000 
58.071999 31.159000 59.757999 
58.046001 32.556999 60.174000 
59.178001 33.319000 59.505001 
60.308998 32.825001 59.418999 
58.173000 32.688000 61.707001 
57.950001 34.141998 62.123001 
57.161999 31.791000 62.379002 
58.859001 34.521999 59.034000 
59.803001 35.373001 58.335999 
59.887001 36.737000 59.012001 
58.898998 37.237000 59.558998 
59.351002 35.553001 56.886002 
59.155998 34.256001 56.146999 
60.132000 33.785000 55.270000 
58.000999 33.495998 56.340000 
59.964001 32.583000 54.598000 
57.820000 32.284000 55.671001 
58.798000 31.823999 54.798000 
61.064999 37.340000 58.945000 
61.300999 38.639000 59.563000 
62.082001 39.534000 58.626999 
63.033001 39.092999 57.969002 
62.105000 38.462002 60.862000 
62.618000 39.745998 61.516998 
61.460999 40.431000 62.237999 
63.737999 39.431000 62.498001 
61.681000 40.796001 58.555000 
62.397999 41.757999 57.733002 
62.606998 43.043999 58.522999 
61.641998 43.678001 58.959999 
61.641998 42.088001 56.442001 
62.433998 43.073002 55.595001 
61.806999 43.455002 54.273998 
62.619999 44.513000 53.681000 
62.299999 45.223000 52.608002 
61.162998 44.999001 51.960999 
63.112999 46.191002 52.207001 
63.872002 43.443001 58.723999 
64.163002 44.669998 59.466999 
63.855999 45.896999 58.608002 
64.146004 45.918999 57.411999 
65.647003 44.512001 59.810001 
66.177002 43.735001 58.665001 
65.111000 42.699001 58.428001 
63.268002 46.922001 59.216000 
62.882000 48.110001 58.469002 
63.403999 49.412998 59.058998 
64.070999 49.432999 60.098000 
61.353001 48.185001 58.382999 
60.667000 46.901001 57.909000 
59.161999 46.983002 58.166000 
60.956001 46.700001 56.429001 
63.082001 50.495998 58.366001 
63.470001 51.834000 58.769001 
62.613998 52.233002 59.963001 
61.618999 51.577000 60.264999 
63.227001 52.799999 57.616001 
61.844002 52.877998 57.317001 
63.002998 53.311001 60.634998 
62.271999 53.806000 61.799000 
62.255001 52.758999 62.914001 
61.348999 52.733002 63.744999 
60.847000 54.180000 61.381001 
60.806999 55.073002 60.141998 
59.404999 55.313999 59.611000 
59.227001 55.801998 58.494999 
58.405998 54.979000 60.404999 
63.277000 51.905998 62.921001 
63.426998 50.844002 63.912998 
62.256001 49.859001 63.909000 
62.014999 49.167999 64.899002 
63.597000 51.451000 65.305000 
61.539001 49.792999 62.791000 
60.389999 48.896999 62.669998 
60.779999 47.521000 62.129002 
61.932999 47.290001 61.757999 
59.345001 49.527000 61.768002 
59.810001 46.613998 62.096001 
60.025002 45.254002 61.597000 
58.750999 44.734001 60.960999 
57.659000 45.237999 61.229000 
60.379002 44.296001 62.736000 
61.365002 44.832001 63.587002 
58.901001 43.713001 60.124001 
57.766998 43.076000 59.483002 
57.923000 41.592999 59.779999 
59.029999 41.060001 59.710999 
57.794998 43.312000 57.979000 
56.819000 40.938999 60.130001 
56.827999 39.511002 60.414001 
55.778999 38.852001 59.542000 
54.708000 39.423000 59.323002 
56.473999 39.237999 61.883999 
57.546001 39.370998 62.966999 
56.903000 39.299999 64.352997 
58.577999 38.250999 62.800999 
56.095001 37.669998 59.018002 
55.127998 36.912998 58.235001 
55.039001 35.523998 58.835999 
56.060001 34.865002 59.049000 
55.513000 36.744999 56.749001 
54.602001 35.685001 56.104000 
55.339001 38.067001 56.008999 
53.813999 35.111000 59.147999 
53.527000 33.785000 59.695000 
52.868999 33.089001 58.500999 
51.808998 33.511002 58.044998 
52.544998 33.903000 60.865002 
53.043999 34.771999 61.990002 
53.938999 34.271999 62.932999 
52.629002 36.092999 62.098000 
54.409000 35.080002 63.967999 
53.094002 36.911999 63.126999 
53.984001 36.404999 64.064003 
53.497002 32.021999 58.014999 
53.050999 31.302999 56.820000 
52.636002 29.856001 57.103001 
53.403000 29.083000 57.676998 
54.223000 31.354000 55.819000 
53.980000 30.660999 54.501999 
55.046001 30.046000 53.841000 
52.733002 30.688999 53.876999 
54.882999 29.479000 52.580002 
52.556000 30.118999 52.606998 
53.627998 29.513000 51.960999 
51.425999 29.478001 56.707001 
50.992001 28.100000 56.933998 
51.021000 27.261999 55.661999 
50.396000 27.612000 54.666000 
49.574001 28.052000 57.509998 
49.141998 26.701000 57.617001 
51.736000 26.142000 55.705002 
51.813000 25.253000 54.557999 
51.007999 23.995001 54.834000 
51.125999 22.982000 54.131001 
53.278000 24.934999 54.256001 
54.044998 26.202999 53.929001 
55.535000 25.978001 53.793999 
55.854000 25.160000 52.636002 
56.884998 25.393000 51.832001 
57.687000 26.423000 52.071999 
57.101002 24.610001 50.787998 
50.174999 24.075001 55.867001 
49.304001 22.972000 56.251999 
48.148998 22.916000 55.243000 
47.818001 23.921000 54.612999 
48.731998 23.214001 57.652000 
49.769001 23.408001 58.748001 
49.077999 23.712999 60.064999 
48.249001 22.599001 60.520000 
48.658001 21.655001 61.362000 
49.893002 21.681999 61.849998 
47.825001 20.688999 61.728001 
47.535000 21.747999 55.091000 
46.424000 21.622000 54.153000 
45.178001 21.125000 54.859001 
44.257000 20.608000 54.227001 
46.772999 20.657000 53.004002 
47.213001 19.396999 53.543999 
47.868999 21.250999 52.136002 
45.131001 21.305000 56.174000 
43.972000 20.832001 56.917999 
42.938000 21.885000 57.325001 
41.761002 21.754000 56.981998 
44.431999 20.030001 58.146000 
45.223999 20.863001 59.157001 
45.804001 21.914000 58.797001 
45.282001 20.440001 60.333000 
43.367001 22.941000 58.014000 
42.417000 23.943001 58.490002 
43.146999 25.141001 59.080002 
44.368000 25.124001 59.199001 
41.549999 23.306000 59.589001 
42.375999 22.875999 60.808998 
41.500000 21.947001 62.097000 
40.185001 23.059000 62.437000 
42.407001 26.205000 59.446999 
43.037998 27.389999 60.037998 
43.847000 26.889000 61.241001 
43.396000 26.000999 61.970001 
41.837002 28.250000 60.439999 
40.834000 27.922001 59.363998 
40.959000 26.420000 59.250000 
45.035999 27.444000 61.450001 
45.889999 26.979000 62.535000 
46.207001 28.080999 63.528999 
46.473999 29.212999 63.134998 
47.203999 26.436001 61.952999 
48.132000 25.844000 62.980999 
47.917000 24.565001 63.477001 
49.230000 26.563999 63.441002 
48.785000 24.000999 64.414001 
50.106998 26.014000 64.380997 
49.884998 24.733000 64.866997 
46.181999 27.738001 64.816002 
46.487999 28.698999 65.867996 
47.957001 28.591000 66.237999 
48.390999 27.608999 66.839996 
45.629002 28.445999 67.111000 
44.209999 28.999001 67.004997 
43.512001 28.993999 68.359001 
42.299000 29.808001 68.338997 
41.161999 29.447001 67.753998 
41.067001 28.274000 67.139000 
40.122002 30.268999 67.769997 
48.719002 29.603001 65.856003 
50.145000 29.636000 66.143997 
50.349998 30.561001 67.338997 
50.041000 31.742001 67.274002 
50.911999 30.163000 64.931000 
52.410999 30.141001 65.111000 
53.089001 28.936001 65.292000 
53.153000 31.325001 65.113998 
54.473999 28.906000 65.470001 
54.540001 31.306000 65.292999 
55.188000 30.094000 65.470001 
56.550999 30.058001 65.652000 
50.859001 30.014000 68.433998 
51.073002 30.811001 69.634003 
52.549999 30.959999 69.960999 
53.304001 29.987000 69.959000 
50.339001 30.183001 70.830002 
48.937000 30.142000 70.543999 
50.557999 31.009001 72.095001 
52.965000 32.189999 70.233002 
54.356998 32.449001 70.563004 
54.456001 33.834000 71.195000 
53.444000 34.398998 71.609001 
55.234001 32.355999 69.290001 
56.613998 32.381001 69.655998 
54.942001 33.518002 68.335999 
55.667999 34.370998 71.300003 
55.855999 35.708000 71.860001 
56.978001 36.387001 71.096001 
57.824001 35.716000 70.504997 
56.223000 35.631001 73.347000 
57.514000 35.071999 73.514999 
56.998001 37.715000 71.088997 
58.061001 38.396000 70.376999 
59.404999 37.998001 70.985001 
60.397999 37.874001 70.272003 
57.866001 39.915001 70.425003 
56.612999 40.417000 69.693001 
56.534000 41.942001 69.783997 
56.653999 39.974998 68.233002 
59.428001 37.778000 72.299004 
60.658001 37.368999 72.973999 
61.145000 36.050999 72.365997 
62.332001 35.897999 72.063004 
60.411999 37.194000 74.472000 
60.217999 35.112000 72.188004 
60.529999 33.806000 71.603996 
61.014999 33.950001 70.161003 
61.790001 33.132999 69.670998 
59.292000 32.901001 71.636002 
58.861000 32.442001 73.016998 
59.750999 31.318001 73.518997 
59.317001 30.804001 74.886002 
60.210999 29.705999 75.364998 
60.544998 34.987999 69.480003 
60.939999 35.243999 68.101997 
62.289001 35.948002 68.033997 
62.862999 36.098000 66.957001 
59.866001 36.071999 67.393997 
58.553001 35.305000 67.185997 
57.578999 36.152000 66.389999 
58.838001 34.014000 66.440002 
62.779999 36.396999 69.188004 
64.080002 37.044998 69.239998 
64.151001 38.539001 69.502998 
65.244003 39.102001 69.516998 
63.005001 39.179001 69.717003 
62.959999 40.618999 69.952003 
63.551998 41.060001 71.295998 
63.713001 40.254002 72.214996 
61.514000 41.106998 69.825996 
61.032001 41.209999 68.405998 
60.804001 42.452999 67.829002 
60.803001 40.068001 67.644997 
60.353001 42.561001 66.514999 
60.351002 40.166000 66.323997 
60.125000 41.417000 65.760002 
63.908001 42.351002 71.416000 
64.487000 42.900002 72.653000 
63.611000 42.651001 73.880997 
62.382999 42.653999 73.781998 
64.613998 44.394001 72.344002 
64.813004 44.424000 70.870003 
63.848000 43.379002 70.360001 
64.244003 42.451000 75.036003 
63.509998 42.198002 76.278999 
62.882000 43.459000 76.859001 
63.349998 44.570999 76.617996 
64.430000 41.585999 77.341003 
65.155998 40.330002 76.900002 
64.051003 39.050999 76.268997 
63.352001 38.403000 77.775002 
61.810001 43.264000 77.621002 
61.119999 44.367001 78.268997 
60.702000 45.520000 77.387001 
60.654999 46.662998 77.846001 
60.380001 45.238998 76.128998 
59.958000 46.294998 75.213997 
58.470001 46.154999 74.886002 
57.831001 45.188000 75.296997 
60.785000 46.234001 73.936996 
57.919998 47.125000 74.163002 
56.511002 47.077999 73.778999 
56.383999 47.597000 72.360001 
57.084000 48.530998 71.963997 
55.671001 47.917000 74.725998 
55.484001 46.994999 71.593002 
55.306999 47.369999 70.195000 
53.877998 47.655998 69.795998 
52.945999 47.063000 70.327003 
55.808998 46.235001 69.296997 
57.287998 45.987999 69.389000 
58.155998 46.494999 68.429001 
57.826000 45.287998 70.466003 
59.528000 46.314999 68.542000 
59.188999 45.108002 70.588997 
60.034000 45.625999 69.626999 
61.390999 45.488998 69.777000 
53.715000 48.577999 68.855003 
52.397999 48.848000 68.314003 
52.407001 47.944000 67.083000 
53.303001 48.039001 66.240997 
52.241001 50.306000 67.887001 
50.862000 50.605000 67.327003 
50.666000 52.067001 66.981003 
50.723000 52.911999 67.902000 
50.455002 52.374001 65.788002 
51.430000 47.056999 66.987000 
51.377998 46.119999 65.876999 
50.169998 46.314999 64.980003 
49.056000 46.486000 65.461998 
51.334000 44.667999 66.400002 
51.242001 43.699001 65.231003 
52.557999 44.389000 67.257004 
50.388000 46.282001 63.671001 
49.278000 46.410000 62.743999 
49.279999 45.212002 61.816002 
50.327000 44.847000 61.277000 
49.382999 47.688000 61.910999 
48.124001 47.942001 61.076000 
48.206001 49.202999 60.238998 
48.771999 50.209000 60.664001 
47.626999 49.158001 59.049000 
48.116001 44.589001 61.660000 
47.969002 43.448002 60.764999 
47.877998 44.081001 59.382000 
46.944000 44.830002 59.094002 
46.688000 42.674000 61.097000 
46.507000 41.450001 60.227001 
46.578999 41.587002 58.991001 
46.283001 40.352001 60.779999 
48.861000 43.789001 58.532001 
48.929001 44.376999 57.205002 
47.703999 44.161999 56.317001 
47.323002 45.060001 55.571999 
50.214001 43.904999 56.470001 
50.241001 44.445000 55.048000 
51.448002 44.382000 57.235001 
47.080002 42.990002 56.397999 
45.900002 42.703999 55.583000 
44.542999 43.089001 56.202999 
43.638000 43.535999 55.487000 
45.861000 41.214001 55.201000 
46.757999 40.859001 54.034000 
46.584999 41.466999 52.786999 
47.778000 39.910999 54.169998 
47.400002 41.143002 51.705002 
48.605999 39.580002 53.087002 
48.409000 40.200001 51.861000 
49.214001 39.884998 50.787998 
44.394001 42.910000 57.511002 
43.119999 43.221001 58.171001 
43.035999 44.646999 58.688999 
41.945000 45.196999 58.838001 
42.876999 42.279999 59.348000 
43.740002 42.601002 60.428001 
44.187000 45.236000 58.980000 
44.202999 46.589001 59.498001 
44.071999 46.634998 61.009998 
44.266998 47.689999 61.610001 
43.754002 45.502998 61.632999 
43.603001 45.463001 63.085999 
44.908001 45.839001 63.778000 
45.990002 45.448002 63.341000 
43.148998 44.077999 63.543999 
41.755001 43.695999 63.063999 
41.305000 42.377998 63.673000 
39.962002 41.936001 63.110001 
39.508999 40.644001 63.701000 
44.797001 46.598999 64.862000 
45.970001 47.053001 65.599998 
46.021999 46.569000 67.040001 
44.992001 46.421001 67.699997 
46.043999 48.597000 65.605003 
46.327000 49.101002 64.192001 
47.118999 49.077000 66.575996 
46.448002 50.605999 64.086998 
47.243000 46.318001 67.504997 
47.519001 45.889999 68.873001 
48.369999 47.030998 69.435997 
49.530998 47.186001 69.069000 
48.305000 44.562000 68.899002 
47.481998 43.464001 68.223999 
48.618000 44.162998 70.335999 
48.223000 42.147999 68.045998 
47.758999 47.827000 70.313004 
48.365002 49.014999 70.928001 
49.757999 48.917999 71.533997 
50.644001 49.708000 71.199997 
47.423000 49.567001 71.998001 
46.139000 49.832001 71.458000 
49.937000 47.979000 72.454002 
51.220001 47.830002 73.108002 
51.507000 46.400002 73.508003 
51.338001 46.006001 74.666000 
51.945999 45.618999 72.532997 
52.284000 44.223999 72.757004 
53.655998 44.146000 73.421997 
54.646000 44.619999 72.865997 
52.312000 43.480999 71.414001 
52.763000 42.023998 71.447998 
51.895000 41.231998 72.418999 
52.667000 41.436001 70.050003 
53.715000 43.563000 74.615997 
54.987999 43.431000 75.320000 
55.708000 42.234001 74.733002 
55.077000 41.241001 74.369003 
54.757999 43.227001 76.821999 
54.007999 44.375999 77.482002 
53.786999 44.131001 78.968002 
52.988998 45.269001 79.582001 
52.748001 45.060001 81.032997 
57.027000 42.317001 74.635002 
57.773998 41.215000 74.047997 
57.632000 39.910999 74.821999 
57.764000 38.832001 74.251999 
59.264999 41.570999 73.889999 
59.824001 41.895000 75.163002 
59.422001 42.765999 72.969002 
57.339001 40.004002 76.114998 
57.188999 38.800999 76.916000 
55.791000 38.198002 76.900002 
55.585999 37.101002 77.419998 
54.827000 38.893002 76.302002 
53.459999 38.382000 76.267998 
53.180000 37.383999 75.157997 
53.602001 37.570999 74.018997 
52.452999 39.521999 76.139000 
52.387001 40.380001 77.380997 
52.803001 39.905998 78.457001 
51.907001 41.521000 77.283997 
52.450001 36.327000 75.500999 
52.084000 35.327000 74.511002 
50.999001 35.912998 73.634003 
50.186001 36.723000 74.087997 
51.546001 34.053001 75.171997 
52.639999 33.067001 75.525002 
53.776001 33.202000 75.069000 
52.294998 32.062000 76.325996 
50.998001 35.520000 72.366997 
49.977001 35.967999 71.435997 
49.706001 34.816002 70.487000 
50.539001 33.924000 70.324997 
50.422001 37.224998 70.669998 
51.574001 37.011002 69.714996 
51.370998 36.415001 68.470001 
52.854000 37.457001 70.040001 
52.425999 36.264000 67.564003 
53.917999 37.311001 69.140999 
53.702999 36.716000 67.899002 
48.526001 34.820000 69.884003 
48.169998 33.768002 68.950996 
47.683998 34.396000 67.657997 
46.972000 35.397999 67.671997 
47.035000 32.879002 69.509003 
47.429001 32.324001 70.768997 
46.719002 31.750000 68.533997 
48.112999 33.834999 66.536003 
47.653000 34.311001 65.241997 
47.025002 33.089001 64.602997 
47.488998 31.969999 64.814003 
48.800999 34.834999 64.346001 
49.307999 36.173000 64.880997 
49.928001 33.813999 64.282997 
45.958000 33.294998 63.846001 
45.279999 32.188000 63.188000 
45.594002 32.303001 61.706001 
45.243999 33.290001 61.056999 
43.759998 32.249001 63.437000 
43.497002 32.256001 64.945999 
43.077999 31.045000 62.816002 
42.028000 32.374001 65.320999 
46.280998 31.290001 61.188000 
46.710999 31.271999 59.797001 
45.978001 30.215000 58.994999 
45.928001 29.059000 59.393002 
48.221001 30.972000 59.712002 
48.950001 31.676001 60.856998 
48.772999 31.433001 58.360001 
50.320000 31.105000 61.146000 
45.424000 30.618000 57.855999 
44.696999 29.702999 56.993000 
45.645000 28.907000 56.087002 
46.775002 29.327000 55.827999 
43.695999 30.490000 56.139999 
42.679001 31.237000 56.987999 
42.335999 30.792999 58.078999 
42.181000 32.362999 56.481998 
45.200001 27.731001 55.612999 
46.014999 26.884001 54.731998 
46.530998 27.653000 53.509998 
45.765999 28.343000 52.827000 
45.053001 25.766001 54.363998 
44.276001 25.594999 55.632000 
43.978001 27.021999 56.036999 
47.835999 27.524000 53.259998 
48.548000 28.195000 52.173000 
48.423000 29.714001 52.278000 
48.646000 30.437000 51.305000 
48.066002 27.702999 50.793999 
46.682999 27.945999 50.577000 
48.089001 30.188000 53.476002 
47.945999 31.614000 53.695999 
48.931000 32.181999 54.703999 
49.768002 31.462000 55.254002 
48.824001 33.481998 54.955002 
49.713001 34.158001 55.896000 
48.973999 35.125000 56.821999 
47.791000 35.419998 56.633999 
50.786999 35.029999 55.160000 
51.701000 34.174000 54.301998 
50.094002 36.082001 54.277000 
49.703999 35.566002 57.841000 
49.278999 36.604000 58.768002 
50.546001 37.443001 58.733002 
51.645000 36.924000 58.959999 
49.042999 36.123001 60.208000 
48.931000 37.348999 61.141998 
47.748001 35.321999 60.279999 
50.405998 38.719002 58.408001 
51.563000 39.595001 58.323002 
51.410000 40.780998 59.258999 
50.359001 41.415001 59.306000 
51.748001 40.085999 56.889000 
52.944000 40.995998 56.709999 
53.209000 41.452000 54.994999 
54.901001 42.028000 55.057999 
52.480999 41.070000 59.991001 
52.509998 42.159000 60.960999 
53.554001 43.228001 60.660000 
54.644001 42.931999 60.167000 
52.842999 41.602001 62.341999 
51.737999 40.918999 63.075001 
50.472000 40.660000 62.625999 
51.787998 40.453999 64.425003 
49.730000 40.069000 63.623001 
50.514999 39.932999 64.737999 
52.789001 40.432999 65.406998 
50.212002 39.394001 65.996002 
52.487000 39.896999 66.656998 
51.207001 39.387001 66.935997 
53.212002 44.473000 60.980999 
54.132000 45.598999 60.848000 
54.300999 46.022999 62.319000 
53.316002 46.327999 62.994999 
53.501999 46.723999 60.025002 
54.313999 48.000000 60.001999 
55.625000 48.009998 59.528000 
53.775002 49.195999 60.470001 
56.382000 49.181000 59.523998 
54.521999 50.373001 60.473000 
55.824001 50.358002 60.002998 
56.570999 51.511002 60.035000 
55.532001 46.000999 62.825001 
55.776001 46.344002 64.225998 
56.618000 47.585999 64.430000 
57.669998 47.743999 63.806999 
56.450001 45.173000 64.957001 
55.754002 43.813999 64.906998 
56.124001 43.105000 63.599998 
56.185001 42.971001 66.102997 
56.157001 48.452000 65.331001 
56.853001 49.694000 65.652000 
57.104000 49.743000 67.152000 
56.173000 49.636002 67.950996 
56.007000 50.904999 65.248001 
55.584999 50.967999 63.498001 
58.368999 49.917999 67.556000 
58.700001 49.972000 68.980003 
58.167000 51.231998 69.653000 
58.120998 52.301998 69.050003 
60.221001 49.921001 68.974998 
60.557999 50.703999 67.747002 
59.558998 50.183998 66.726997 
57.757000 51.090000 70.905998 
57.255001 52.217999 71.680000 
58.412998 52.687000 72.556000 
59.334000 51.919998 72.825996 
56.076000 51.770000 72.536003 
54.979000 51.118000 71.712997 
53.782001 50.737000 72.550003 
53.007000 51.959999 73.010002 
51.769001 51.556000 73.723999 
58.377998 53.943001 72.987999 
59.446999 54.479000 73.828003 
58.910000 55.436001 74.889999 
59.694000 55.796001 75.792999 
60.484001 55.187000 72.966003 
